0.000000000000000000e+00 1.000000000000000000e+00
0.000000000000000000e+00 1.000000000000000000e+00
0.000000000000000000e+00 1.000000000000000000e+00
0.000000000000000000e+00 1.000000000000000000e+00
0.000000000000000000e+00 1.000000000000000000e+00
0.000000000000000000e+00 1.000000000000000000e+00
0.000000000000000000e+00 1.000000000000000000e+00
0.000000000000000000e+00 1.000000000000000000e+00
0.000000000000000000e+00 1.000000000000000000e+00
0.000000000000000000e+00 1.000000000000000000e+00
0.000000000000000000e+00 1.000000000000000000e+00
0.000000000000000000e+00 1.000000000000000000e+00
0.000000000000000000e+00 1.000000000000000000e+00
0.000000000000000000e+00 1.000000000000000000e+00
0.000000000000000000e+00 1.000000000000000000e+00
0.000000000000000000e+00 1.000000000000000000e+00
0.000000000000000000e+00 1.000000000000000000e+00
0.000000000000000000e+00 1.000000000000000000e+00
0.000000000000000000e+00 1.000000000000000000e+00
0.000000000000000000e+00 1.000000000000000000e+00
1.109860000000000069e+00 1.000000000000000000e+00
0.000000000000000000e+00 1.000000000000000000e+00
0.000000000000000000e+00 1.000000000000000000e+00
0.000000000000000000e+00 1.000000000000000000e+00
0.000000000000000000e+00 1.000000000000000000e+00
0.000000000000000000e+00 1.000000000000000000e+00
1.177602999999999955e+00 1.000000000000000000e+00
3.455664000000000069e+00 7.273570000000000313e-01
0.000000000000000000e+00 1.000000000000000000e+00
0.000000000000000000e+00 1.000000000000000000e+00
0.000000000000000000e+00 1.000000000000000000e+00
0.000000000000000000e+00 1.000000000000000000e+00
0.000000000000000000e+00 1.000000000000000000e+00
9.809200000000000141e-01 4.569949999999999846e-01
1.144584000000000046e+00 1.952500000000000069e-01
0.000000000000000000e+00 1.000000000000000000e+00
0.000000000000000000e+00 1.000000000000000000e+00
0.000000000000000000e+00 1.000000000000000000e+00
1.528559999999999919e+00 1.546999999999999981e-03
1.355896999999999908e+00 6.149999999999999868e-04
1.037647999999999904e+00 1.009970000000000034e-01
9.093440000000000412e-01 1.376040000000000041e-01
0.000000000000000000e+00 1.000000000000000000e+00
1.351912999999999920e+00 -6.999999999999999895e-06
1.270456000000000030e+00 -0.000000000000000000e+00
1.200636000000000037e+00 1.626999999999999974e-03
9.582910000000000039e-01 2.329999999999999986e-04
7.199600000000000444e-01 1.069999999999999988e-04
5.791199999999999681e-01 9.999999999999999547e-07
