0.000000000000000000e+00 1.000000000000000000e+00
0.000000000000000000e+00 1.000000000000000000e+00
0.000000000000000000e+00 1.000000000000000000e+00
0.000000000000000000e+00 1.000000000000000000e+00
0.000000000000000000e+00 1.000000000000000000e+00
0.000000000000000000e+00 1.000000000000000000e+00
0.000000000000000000e+00 1.000000000000000000e+00
0.000000000000000000e+00 1.000000000000000000e+00
0.000000000000000000e+00 1.000000000000000000e+00
0.000000000000000000e+00 1.000000000000000000e+00
0.000000000000000000e+00 1.000000000000000000e+00
0.000000000000000000e+00 1.000000000000000000e+00
0.000000000000000000e+00 1.000000000000000000e+00
0.000000000000000000e+00 1.000000000000000000e+00
0.000000000000000000e+00 1.000000000000000000e+00
0.000000000000000000e+00 1.000000000000000000e+00
9.714530000000000109e-01 1.000000000000000000e+00
3.990155999999999814e+00 9.777930000000000232e-01
0.000000000000000000e+00 1.000000000000000000e+00
0.000000000000000000e+00 1.000000000000000000e+00
0.000000000000000000e+00 1.000000000000000000e+00
8.787059999999999871e-01 1.000000999999999918e+00
1.071749999999999980e+00 9.879499999999999948e-01
1.010173999999999905e+00 1.707559999999999911e-01
0.000000000000000000e+00 1.000000000000000000e+00
0.000000000000000000e+00 1.000000000000000000e+00
4.511100000000000110e-01 1.000000999999999918e+00
1.364465000000000039e+00 4.204999999999999710e-02
1.121944000000000052e+00 1.199410000000000059e-01
9.701210000000000111e-01 1.610350000000000115e-01
0.000000000000000000e+00 1.000000000000000000e+00
1.472947999999999924e+00 -3.000000000000000076e-06
1.392028000000000043e+00 6.750000000000000357e-04
1.111405999999999894e+00 3.460000000000000076e-04
7.574159999999999782e-01 1.219999999999999974e-04
5.791199999999999681e-01 9.999999999999999547e-07
