6.000000000000000000e+00
6.000000000000000000e+00
6.000000000000000000e+00
6.000000000000000000e+00
6.000000000000000000e+00
6.000000000000000000e+00
6.000000000000000000e+00
6.000000000000000000e+00
6.000000000000000000e+00
6.000000000000000000e+00
1.114478999999999997e+00
1.029258000000000006e+00
8.976730000000000542e-01
7.767279999999999740e-01
6.897079999999999878e-01
6.212779999999999969e-01
5.578330000000000233e-01
4.997030000000000083e-01
4.603030000000000177e-01
4.165920000000000178e-01
