1.000000000000000000e+00
1.000000000000000000e+00
1.000000000000000000e+00
1.000000000000000000e+00
5.661140000000000061e-01
1.000000000000000000e+00
1.000000000000000000e+00
1.000000000000000000e+00
5.647799999999999487e-01
4.862099999999999755e-02
1.000000000000000000e+00
1.000000000000000000e+00
9.281840000000000090e-01
4.282500000000000195e-02
3.970200000000000118e-02
1.000000000000000000e+00
1.000000000000000000e+00
2.128100000000000130e-02
3.096700000000000147e-02
2.940600000000000158e-02
1.000000000000000000e+00
0.000000000000000000e+00
1.380800000000000083e-02
1.429599999999999968e-02
1.469900000000000026e-02
