0.000000000000000000e+00 1.000000000000000000e+00
0.000000000000000000e+00 1.000000000000000000e+00
0.000000000000000000e+00 1.000000000000000000e+00
0.000000000000000000e+00 1.000000000000000000e+00
0.000000000000000000e+00 1.000000000000000000e+00
0.000000000000000000e+00 1.000000000000000000e+00
0.000000000000000000e+00 1.000000000000000000e+00
0.000000000000000000e+00 1.000000000000000000e+00
0.000000000000000000e+00 1.000000000000000000e+00
0.000000000000000000e+00 1.000000000000000000e+00
0.000000000000000000e+00 1.000000000000000000e+00
0.000000000000000000e+00 1.000000000000000000e+00
0.000000000000000000e+00 1.000000000000000000e+00
0.000000000000000000e+00 1.000000000000000000e+00
0.000000000000000000e+00 1.000000000000000000e+00
0.000000000000000000e+00 1.000000000000000000e+00
0.000000000000000000e+00 1.000000000000000000e+00
0.000000000000000000e+00 1.000000000000000000e+00
0.000000000000000000e+00 1.000000000000000000e+00
0.000000000000000000e+00 1.000000000000000000e+00
0.000000000000000000e+00 1.000000000000000000e+00
0.000000000000000000e+00 1.000000000000000000e+00
0.000000000000000000e+00 1.000000000000000000e+00
0.000000000000000000e+00 1.000000000000000000e+00
0.000000000000000000e+00 1.000000000000000000e+00
0.000000000000000000e+00 1.000000000000000000e+00
0.000000000000000000e+00 1.000000000000000000e+00
0.000000000000000000e+00 1.000000000000000000e+00
0.000000000000000000e+00 1.000000000000000000e+00
0.000000000000000000e+00 1.000000000000000000e+00
0.000000000000000000e+00 1.000000000000000000e+00
3.641904999999999948e+00 9.459520000000000151e-01
0.000000000000000000e+00 1.000000000000000000e+00
0.000000000000000000e+00 1.000000000000000000e+00
0.000000000000000000e+00 1.000000000000000000e+00
0.000000000000000000e+00 1.000000000000000000e+00
0.000000000000000000e+00 1.000000000000000000e+00
1.379547999999999996e+00 9.981060000000000487e-01
1.189893000000000089e+00 9.661800000000000388e-01
1.187294000000000072e+00 2.102370000000000072e-01
0.000000000000000000e+00 1.000000000000000000e+00
0.000000000000000000e+00 1.000000000000000000e+00
0.000000000000000000e+00 1.000000000000000000e+00
0.000000000000000000e+00 1.000000000000000000e+00
4.570179999999999798e-01 9.705249999999999710e-01
1.545082000000000066e+00 4.622099999999999820e-02
1.162150999999999934e+00 1.734080000000000066e-01
1.101161999999999974e+00 1.893499999999999905e-01
0.000000000000000000e+00 1.000000000000000000e+00
0.000000000000000000e+00 1.000000000000000000e+00
0.000000000000000000e+00 1.000000000000000000e+00
1.609984999999999999e+00 5.055999999999999731e-03
1.580632999999999955e+00 6.560000000000000076e-04
1.348343999999999987e+00 6.628599999999999770e-02
9.988010000000000499e-01 1.236059999999999937e-01
8.901069999999999816e-01 1.353389999999999871e-01
0.000000000000000000e+00 1.000000000000000000e+00
1.569762000000000102e+00 -1.299999999999999920e-05
1.301323999999999925e+00 7.060000000000000303e-04
1.234779999999999989e+00 5.950000000000000427e-04
1.077984999999999971e+00 6.189999999999999756e-04
8.546930000000000360e-01 2.280000000000000126e-04
6.784529999999999728e-01 1.990000000000000124e-04
5.791199999999999681e-01 9.999999999999999547e-07
