1.000000000000000000e+00
1.000000000000000000e+00
1.000000000000000000e+00
1.000000000000000000e+00
5.646430000000000060e-01
1.000000000000000000e+00
1.000000000000000000e+00
1.000000000000000000e+00
5.608100000000000307e-01
4.862099999999999755e-02
1.000000000000000000e+00
1.000000000000000000e+00
9.289969999999999617e-01
4.732700000000000101e-02
4.475099999999999911e-02
1.000000000000000000e+00
1.000000000000000000e+00
3.511199999999999738e-02
4.234099999999999669e-02
3.641899999999999998e-02
1.000000000000000000e+00
0.000000000000000000e+00
3.174099999999999838e-02
3.081599999999999964e-02
3.922300000000000092e-02
