0.000000000000000000e+00 1.000000000000000000e+00
0.000000000000000000e+00 1.000000000000000000e+00
0.000000000000000000e+00 1.000000000000000000e+00
0.000000000000000000e+00 1.000000000000000000e+00
0.000000000000000000e+00 1.000000000000000000e+00
0.000000000000000000e+00 1.000000000000000000e+00
0.000000000000000000e+00 1.000000000000000000e+00
0.000000000000000000e+00 1.000000000000000000e+00
0.000000000000000000e+00 1.000000000000000000e+00
0.000000000000000000e+00 1.000000000000000000e+00
0.000000000000000000e+00 1.000000000000000000e+00
0.000000000000000000e+00 1.000000000000000000e+00
0.000000000000000000e+00 1.000000000000000000e+00
0.000000000000000000e+00 1.000000000000000000e+00
0.000000000000000000e+00 1.000000000000000000e+00
0.000000000000000000e+00 1.000000000000000000e+00
0.000000000000000000e+00 1.000000000000000000e+00
0.000000000000000000e+00 1.000000000000000000e+00
0.000000000000000000e+00 1.000000000000000000e+00
0.000000000000000000e+00 1.000000000000000000e+00
0.000000000000000000e+00 1.000000000000000000e+00
0.000000000000000000e+00 1.000000000000000000e+00
0.000000000000000000e+00 1.000000000000000000e+00
0.000000000000000000e+00 1.000000000000000000e+00
0.000000000000000000e+00 1.000000000000000000e+00
0.000000000000000000e+00 1.000000000000000000e+00
0.000000000000000000e+00 1.000000000000000000e+00
0.000000000000000000e+00 1.000000000000000000e+00
0.000000000000000000e+00 1.000000000000000000e+00
0.000000000000000000e+00 1.000000000000000000e+00
0.000000000000000000e+00 1.000000000000000000e+00
0.000000000000000000e+00 1.000000000000000000e+00
0.000000000000000000e+00 1.000000000000000000e+00
0.000000000000000000e+00 1.000000000000000000e+00
0.000000000000000000e+00 1.000000000000000000e+00
0.000000000000000000e+00 1.000000000000000000e+00
0.000000000000000000e+00 1.000000000000000000e+00
0.000000000000000000e+00 1.000000000000000000e+00
0.000000000000000000e+00 1.000000000000000000e+00
1.295652999999999944e+00 9.739160000000000039e-01
0.000000000000000000e+00 1.000000000000000000e+00
0.000000000000000000e+00 1.000000000000000000e+00
0.000000000000000000e+00 1.000000000000000000e+00
0.000000000000000000e+00 1.000000000000000000e+00
0.000000000000000000e+00 1.000000000000000000e+00
0.000000000000000000e+00 1.000000000000000000e+00
0.000000000000000000e+00 1.000000000000000000e+00
8.959460000000000202e-01 9.870020000000000460e-01
1.533854999999999968e+00 9.203569999999999807e-01
2.702801000000000009e+00 6.446239999999999748e-01
0.000000000000000000e+00 1.000000000000000000e+00
0.000000000000000000e+00 1.000000000000000000e+00
0.000000000000000000e+00 1.000000000000000000e+00
0.000000000000000000e+00 1.000000000000000000e+00
0.000000000000000000e+00 1.000000000000000000e+00
0.000000000000000000e+00 1.000000000000000000e+00
8.672689999999999566e-01 9.814030000000000253e-01
1.072869000000000073e+00 8.951620000000000132e-01
1.601048999999999944e+00 5.826289999999999525e-01
1.589404000000000039e+00 3.719939999999999913e-01
0.000000000000000000e+00 1.000000000000000000e+00
0.000000000000000000e+00 1.000000000000000000e+00
0.000000000000000000e+00 1.000000000000000000e+00
0.000000000000000000e+00 1.000000000000000000e+00
0.000000000000000000e+00 1.000000000000000000e+00
0.000000000000000000e+00 1.000000000000000000e+00
8.109910000000000174e-01 6.905310000000000059e-01
1.373226999999999975e+00 3.739810000000000079e-01
1.306618999999999975e+00 2.454429999999999945e-01
1.185683000000000042e+00 2.152640000000000109e-01
0.000000000000000000e+00 1.000000000000000000e+00
0.000000000000000000e+00 1.000000000000000000e+00
0.000000000000000000e+00 1.000000000000000000e+00
0.000000000000000000e+00 1.000000000000000000e+00
6.103349999999999609e-01 8.737150000000000194e-01
1.313547000000000020e+00 2.971889999999999810e-01
1.321909000000000001e+00 1.351100000000000079e-01
1.181815000000000060e+00 1.472209999999999908e-01
1.049269000000000007e+00 1.507350000000000079e-01
9.559090000000000087e-01 1.425589999999999913e-01
0.000000000000000000e+00 1.000000000000000000e+00
0.000000000000000000e+00 1.000000000000000000e+00
0.000000000000000000e+00 1.000000000000000000e+00
1.803658999999999901e+00 -1.000000000000000082e-05
1.440743000000000107e+00 -9.000000000000000228e-06
1.237840000000000051e+00 4.442000000000000115e-02
1.055901999999999896e+00 6.158299999999999885e-02
9.213799999999999768e-01 8.104300000000000392e-02
8.174059999999999659e-01 8.452199999999999991e-02
7.330130000000000257e-01 7.723900000000000210e-02
0.000000000000000000e+00 1.000000000000000000e+00
1.357366000000000072e+00 9.751799999999999358e-02
1.345409000000000077e+00 -1.200000000000000030e-05
1.092062000000000088e+00 -3.000000000000000076e-06
9.658430000000000071e-01 1.090000000000000067e-04
8.510290000000000354e-01 7.259999999999999743e-04
7.531470000000000109e-01 1.800000000000000046e-05
6.774170000000000469e-01 0.000000000000000000e+00
6.211729999999999752e-01 8.200000000000000095e-05
5.789750000000000174e-01 6.399999999999999710e-05
