3.999999999999999819e-06 3.999999999999999819e-06
1.800000000000000046e-05 1.299999999999999920e-05
5.600380000000000358e-01 4.074690000000000256e-01
1.325001000000000095e+00 7.157580000000000053e-01
2.000000000000000000e+00 8.250009999999999843e-01
1.299999999999999920e-05 1.800000000000000046e-05
4.074929999999999941e-01 4.074929999999999941e-01
8.683790000000000120e-01 7.158619999999999983e-01
1.434244000000000074e+00 9.191719999999999891e-01
2.000000000000000000e+00 1.009244999999999948e+00
4.074690000000000256e-01 5.600380000000000358e-01
7.158619999999999983e-01 8.683790000000000120e-01
1.071582999999999952e+00 1.071582999999999952e+00
1.524316000000000004e+00 1.216439000000000048e+00
2.000000000000000000e+00 1.283560999999999952e+00
7.157580000000000053e-01 1.325001000000000095e+00
9.191719999999999891e-01 1.434244000000000074e+00
1.216439000000000048e+00 1.524316000000000004e+00
1.591439000000000048e+00 1.591439000000000048e+00
2.000000000000000000e+00 1.625000000000000000e+00
8.250009999999999843e-01 2.000000000000000000e+00
1.009244999999999948e+00 2.000000000000000000e+00
1.283560999999999952e+00 2.000000000000000000e+00
1.625000000000000000e+00 2.000000000000000000e+00
2.000000000000000000e+00 2.000000000000000000e+00
