1.000000000000000000e+01
1.000000000000000000e+01
1.000000000000000000e+01
1.000000000000000000e+01
1.000000000000000000e+01
1.000000000000000000e+01
1.000000000000000000e+01
1.000000000000000000e+01
1.000000000000000000e+01
1.000000000000000000e+01
1.000000000000000000e+01
1.000000000000000000e+01
1.000000000000000000e+01
1.000000000000000000e+01
7.574075999999999809e+00
1.000000000000000000e+01
1.000000000000000000e+01
1.000000000000000000e+01
1.966966999999999910e+00
1.732912999999999926e+00
1.000000000000000000e+01
1.732912999999999926e+00
1.495573999999999959e+00
8.225149999999999961e-01
5.791349999999999554e-01
