0.000000000000000000e+00 1.265830982058385040e-02 2.453900382270049474e-02 3.072076070514864754e-02 2.913837527904088176e-02 2.436357346405110258e-02 1.306624900054155491e-02 2.427355167353817400e-03 0.000000000000000000e+00 9.028281474423256459e-01
5.952938817144455899e-03 0.000000000000000000e+00 1.070695684506917100e-02 1.760882715455386327e-02 1.938597348806043313e-02 1.674041290795859338e-02 9.642505044558005722e-03 1.995460021329414912e-03 0.000000000000000000e+00 9.797556895500980634e-01
1.086788311664053236e-02 9.643109923282381507e-03 0.000000000000000000e+00 7.220369638199105461e-03 1.111353006254135051e-02 1.113351803157715258e-02 6.921122821813528725e-03 1.700026105488569583e-03 0.000000000000000000e+00 1.047698120020189583e+00
1.239172432388507827e-02 1.545071733408085249e-02 1.664886360453892919e-02 0.000000000000000000e+00 4.710559889055929150e-03 6.605809662493807022e-03 4.979064917793728229e-03 1.552775470216656573e-03 0.000000000000000000e+00 1.103374782679458210e+00
6.438994371251845206e-03 1.382341907564140632e-02 2.094706617833159285e-02 2.996236493037263832e-02 0.000000000000000000e+00 3.028429744908474330e-03 2.931488935238497212e-03 1.266238870378209869e-03 0.000000000000000000e+00 1.132603807409949814e+00
3.681522894015978875e-03 6.432468790578377282e-03 1.738562813108283922e-02 3.541521308646249783e-02 4.757265218135420942e-02 0.000000000000000000e+00 1.932649677861025816e-03 1.255534901825408611e-03 0.000000000000000000e+00 1.115810262450817270e+00
0.000000000000000000e+00 3.319014744528836491e-03 1.566106212364932332e-02 3.116163382374439322e-02 4.970583858495500329e-02 5.240688159821672160e-02 0.000000000000000000e+00 1.066879959746505971e-03 0.000000000000000000e+00 1.048776717657319058e+00
0.000000000000000000e+00 0.000000000000000000e+00 0.000000000000000000e+00 1.303241853330736055e-02 3.377131736315177463e-02 6.215100242603436437e-02 7.128840659958168846e-02 0.000000000000000000e+00 0.000000000000000000e+00 9.331485218042108176e-01
4.095590143293331709e-04 4.626433348255271083e-04 4.100469434341474928e-04 5.936896642208255859e-04 1.560455447932092982e-02 5.305730515872107006e-02 9.133758588644715071e-02 1.021284818903883396e-01 0.000000000000000000e+00 7.475045853595141399e-01
0.000000000000000000e+00 0.000000000000000000e+00 0.000000000000000000e+00 0.000000000000000000e+00 0.000000000000000000e+00 0.000000000000000000e+00 0.000000000000000000e+00 0.000000000000000000e+00 1.150914012680927592e-02 0.000000000000000000e+00
