8.229720000000000368e-01 1.000000000000000000e+00
8.597010000000000485e-01 1.000000000000000000e+00
9.083419999999999828e-01 1.000000000000000000e+00
9.694110000000000227e-01 1.000000000000000000e+00
1.041508000000000100e+00 1.000000000000000000e+00
1.124487999999999932e+00 1.000000000000000000e+00
1.214037999999999951e+00 1.000000000000000000e+00
1.314351000000000047e+00 1.000000000000000000e+00
1.420817999999999914e+00 1.000000000000000000e+00
1.534523999999999999e+00 1.000000000000000000e+00
1.656002999999999892e+00 1.000000000000000000e+00
1.781886999999999999e+00 1.000000000000000000e+00
1.915796000000000054e+00 1.000000000000000000e+00
2.053840999999999806e+00 1.000000000000000000e+00
2.198980000000000157e+00 1.000000000000000000e+00
2.350992000000000193e+00 1.000000000000000000e+00
2.510113000000000039e+00 1.000000000000000000e+00
2.681611000000000189e+00 1.000000000000000000e+00
2.861807999999999907e+00 1.000000000000000000e+00
3.000000000000000000e+00 1.000000000000000000e+00
8.191340000000000288e-01 1.000000000000000000e+00
8.596620000000000372e-01 1.000000000000000000e+00
9.085929999999999840e-01 1.000000000000000000e+00
9.693770000000000442e-01 1.000000000000000000e+00
1.041454000000000102e+00 1.000000000000000000e+00
1.124435000000000073e+00 1.000000000000000000e+00
1.214112000000000080e+00 1.000000000000000000e+00
1.314273000000000025e+00 1.000000000000000000e+00
1.420789999999999997e+00 1.000000000000000000e+00
1.534697999999999896e+00 1.000000000000000000e+00
1.655960000000000099e+00 1.000000000000000000e+00
1.782032000000000060e+00 1.000000000000000000e+00
1.915740999999999916e+00 1.000000000000000000e+00
2.053814000000000028e+00 1.000000000000000000e+00
2.198957000000000050e+00 1.000000000000000000e+00
2.350994000000000028e+00 1.000000000000000000e+00
2.510108999999999924e+00 1.000000000000000000e+00
2.681611000000000189e+00 1.000000000000000000e+00
2.861807999999999907e+00 1.000000000000000000e+00
3.000000000000000000e+00 1.000000000000000000e+00
8.169130000000000003e-01 1.000000000000000000e+00
8.598090000000000455e-01 1.000000000000000000e+00
9.080279999999999463e-01 1.000000000000000000e+00
9.699330000000000451e-01 1.000000000000000000e+00
1.041666999999999899e+00 1.000000000000000000e+00
1.124420999999999893e+00 1.000000000000000000e+00
1.213961999999999986e+00 1.000000000000000000e+00
1.314248000000000083e+00 1.000000000000000000e+00
1.420967000000000091e+00 1.000000000000000000e+00
1.534599000000000046e+00 1.000000000000000000e+00
1.655928999999999984e+00 1.000000000000000000e+00
1.781913999999999998e+00 1.000000000000000000e+00
1.915689999999999893e+00 1.000000000000000000e+00
2.053888000000000158e+00 1.000000000000000000e+00
2.198939000000000199e+00 1.000000000000000000e+00
2.350980999999999987e+00 1.000000000000000000e+00
2.510116000000000014e+00 1.000000000000000000e+00
2.681611000000000189e+00 1.000000000000000000e+00
2.861807999999999907e+00 1.000000000000000000e+00
3.000000000000000000e+00 1.000000000000000000e+00
8.167029999999999568e-01 1.000000000000000000e+00
8.599759999999999627e-01 1.000000000000000000e+00
9.080040000000000333e-01 1.000000000000000000e+00
9.699229999999999796e-01 1.000000000000000000e+00
1.041290999999999967e+00 1.000000000000000000e+00
1.124514000000000014e+00 1.000000000000000000e+00
1.213789000000000007e+00 1.000000000000000000e+00
1.314175000000000093e+00 1.000000000000000000e+00
1.420792999999999973e+00 1.000000000000000000e+00
1.534527999999999892e+00 1.000000000000000000e+00
1.656107999999999913e+00 1.000000000000000000e+00
1.781802000000000108e+00 1.000000000000000000e+00
1.915689999999999893e+00 1.000000000000000000e+00
2.053809999999999913e+00 1.000000000000000000e+00
2.198930999999999969e+00 1.000000000000000000e+00
2.350969000000000086e+00 1.000000000000000000e+00
2.510145000000000071e+00 1.000000000000000000e+00
2.681610000000000049e+00 1.000000000000000000e+00
2.861807999999999907e+00 1.000000000000000000e+00
3.000000000000000000e+00 1.000000000000000000e+00
7.792639999999999567e-01 9.776029999999999998e-01
8.586690000000000156e-01 9.994969999999999688e-01
9.086480000000000112e-01 1.000000000000000000e+00
9.676930000000000254e-01 1.000000000000000000e+00
1.042059999999999986e+00 1.000000000000000000e+00
1.124597999999999987e+00 1.000000000000000000e+00
1.213634000000000102e+00 1.000000000000000000e+00
1.314287999999999901e+00 1.000000000000000000e+00
1.420557000000000070e+00 1.000000000000000000e+00
1.534798000000000107e+00 1.000000000000000000e+00
1.655877999999999961e+00 1.000000000000000000e+00
1.781686000000000103e+00 1.000000000000000000e+00
1.915780000000000038e+00 1.000000000000000000e+00
2.053735000000000088e+00 1.000000000000000000e+00
2.199015000000000164e+00 1.000000000000000000e+00
2.350951999999999931e+00 1.000000000000000000e+00
2.510133000000000170e+00 1.000000000000000000e+00
2.681618999999999975e+00 1.000000000000000000e+00
2.861812000000000022e+00 1.000000000000000000e+00
3.000000000000000000e+00 1.000000000000000000e+00
6.598979999999999846e-01 8.018300000000000427e-01
8.130899999999999794e-01 9.300910000000000011e-01
8.959289999999999754e-01 9.940250000000000474e-01
9.684540000000000370e-01 9.998660000000000325e-01
1.040950999999999960e+00 9.996410000000000018e-01
1.124703999999999926e+00 9.991139999999999466e-01
1.213912000000000102e+00 1.000000000000000000e+00
1.315120000000000067e+00 9.998070000000000013e-01
1.420360000000000067e+00 9.997530000000000028e-01
1.534350000000000103e+00 1.000000000000000000e+00
1.655642000000000058e+00 1.000000000000000000e+00
1.781921000000000088e+00 1.000000000000000000e+00
1.915588000000000068e+00 1.000000000000000000e+00
2.053679999999999950e+00 1.000000000000000000e+00
2.198958999999999886e+00 1.000000000000000000e+00
2.350938999999999890e+00 1.000000000000000000e+00
2.510120000000000129e+00 1.000000000000000000e+00
2.681616000000000000e+00 1.000000000000000000e+00
2.861810000000000187e+00 1.000000000000000000e+00
3.000000000000000000e+00 1.000000000000000000e+00
4.655909999999999771e-01 4.748829999999999996e-01
7.040410000000000279e-01 6.830319999999999725e-01
8.339250000000000274e-01 8.802109999999999657e-01
9.364949999999999664e-01 9.727080000000000171e-01
1.034639000000000086e+00 9.917979999999999574e-01
1.123912000000000022e+00 9.980019999999999447e-01
1.212690999999999963e+00 9.988930000000000309e-01
1.315531999999999924e+00 9.999099999999999655e-01
1.420581000000000094e+00 1.000000000000000000e+00
1.534942000000000029e+00 9.995330000000000048e-01
1.656042999999999932e+00 9.997190000000000243e-01
1.781975000000000087e+00 9.996800000000000130e-01
1.915483999999999964e+00 1.000000000000000000e+00
2.053704000000000196e+00 1.000000000000000000e+00
2.198916999999999788e+00 1.000000000000000000e+00
2.351008000000000209e+00 1.000000000000000000e+00
2.510104999999999809e+00 1.000000000000000000e+00
2.681614000000000164e+00 1.000000000000000000e+00
2.861809000000000047e+00 1.000000000000000000e+00
3.000000000000000000e+00 1.000000000000000000e+00
2.526590000000000225e-01 1.940919999999999868e-01
5.155399999999999983e-01 3.774009999999999865e-01
7.068170000000000286e-01 5.997109999999999941e-01
8.673389999999999711e-01 8.028260000000000396e-01
9.681849999999999623e-01 9.127889999999999615e-01
1.102978000000000014e+00 9.767940000000000511e-01
1.207959000000000005e+00 9.938230000000000119e-01
1.311957000000000040e+00 9.983689999999999509e-01
1.419755000000000100e+00 9.991950000000000554e-01
1.535415999999999892e+00 9.996819999999999595e-01
1.655902999999999903e+00 9.992779999999999996e-01
1.781816000000000066e+00 9.995399999999999840e-01
1.915635999999999894e+00 9.998470000000000413e-01
2.053495999999999988e+00 9.998200000000000420e-01
2.198844999999999938e+00 1.000000000000000000e+00
2.350950000000000095e+00 1.000000000000000000e+00
2.510092999999999908e+00 1.000000000000000000e+00
2.681611000000000189e+00 1.000000000000000000e+00
2.861831000000000014e+00 1.000000000000000000e+00
3.000000000000000000e+00 1.000000000000000000e+00
1.024039999999999950e-01 5.430999999999999717e-02
3.303079999999999905e-01 1.839099999999999902e-01
5.375780000000000003e-01 3.472250000000000059e-01
7.188059999999999450e-01 5.153499999999999748e-01
8.878709999999999658e-01 7.094350000000000378e-01
1.012083000000000066e+00 8.518270000000000008e-01
1.171885999999999983e+00 9.440969999999999640e-01
1.292126000000000108e+00 9.774819999999999620e-01
1.415300999999999920e+00 9.952260000000000550e-01
1.533917999999999893e+00 9.959590000000000387e-01
1.654479000000000033e+00 9.983309999999999684e-01
1.782080000000000108e+00 9.994399999999999951e-01
1.916201000000000043e+00 9.995370000000000088e-01
2.053389999999999826e+00 9.999099999999999655e-01
2.199101000000000194e+00 1.000000000000000000e+00
2.350880000000000081e+00 9.999970000000000248e-01
2.510117000000000154e+00 1.000000000000000000e+00
2.681620999999999810e+00 1.000000000000000000e+00
2.861814999999999998e+00 1.000000000000000000e+00
3.000000000000000000e+00 1.000000000000000000e+00
4.586900000000000005e-02 2.071100000000000024e-02
1.714900000000000035e-01 6.869300000000000406e-02
3.752719999999999945e-01 1.884850000000000136e-01
5.714839999999999920e-01 3.295529999999999848e-01
7.465540000000000509e-01 4.584799999999999986e-01
9.180519999999999792e-01 6.301630000000000287e-01
1.070095999999999936e+00 7.604910000000000281e-01
1.220051999999999914e+00 8.642330000000000290e-01
1.384779999999999900e+00 9.344670000000000476e-01
1.520923000000000025e+00 9.839350000000000041e-01
1.650987999999999900e+00 9.932929999999999815e-01
1.780264999999999986e+00 9.975730000000000430e-01
1.914627999999999997e+00 9.991689999999999738e-01
2.053456000000000170e+00 9.998669999999999503e-01
2.198948999999999820e+00 9.999529999999999808e-01
2.351049000000000166e+00 1.000000000000000000e+00
2.510075000000000056e+00 1.000000000000000000e+00
2.681620999999999810e+00 1.000000000000000000e+00
2.861798999999999982e+00 1.000000000000000000e+00
3.000000000000000000e+00 1.000000000000000000e+00
1.761300000000000018e-02 7.660000000000000142e-03
9.457899999999999641e-02 3.495499999999999996e-02
2.439350000000000129e-01 8.980499999999999594e-02
4.248540000000000094e-01 1.838309999999999944e-01
6.121720000000000494e-01 3.059009999999999785e-01
7.884039999999999937e-01 4.217330000000000245e-01
9.608170000000000321e-01 5.591289999999999871e-01
1.146276000000000073e+00 6.824759999999999716e-01
1.293206000000000078e+00 8.064249999999999474e-01
1.468220000000000081e+00 9.081050000000000511e-01
1.626417999999999919e+00 9.691170000000000062e-01
1.771727999999999970e+00 9.944290000000000074e-01
1.912895000000000012e+00 9.975119999999999543e-01
2.051683999999999841e+00 9.989869999999999584e-01
2.199241999999999919e+00 9.999559999999999560e-01
2.350938000000000194e+00 1.000000000000000000e+00
2.510041000000000189e+00 1.000000000000000000e+00
2.681614999999999860e+00 1.000000000000000000e+00
2.861782999999999966e+00 1.000000000000000000e+00
3.000000000000000000e+00 1.000000000000000000e+00
7.207999999999999997e-03 3.768000000000000082e-03
4.822099999999999997e-02 1.346100000000000074e-02
1.607850000000000112e-01 5.291900000000000076e-02
3.088799999999999879e-01 1.063920000000000005e-01
4.786529999999999951e-01 1.911930000000000018e-01
6.557570000000000343e-01 2.846949999999999759e-01
8.346479999999999455e-01 3.932510000000000172e-01
1.024861999999999940e+00 5.240339999999999998e-01
1.216712999999999933e+00 6.527659999999999574e-01
1.380584999999999951e+00 7.744299999999999518e-01
1.557395000000000085e+00 8.817030000000000145e-01
1.733702999999999994e+00 9.376330000000000497e-01
1.892754999999999965e+00 9.832089999999999996e-01
2.047766999999999893e+00 9.926869999999999861e-01
2.196466000000000030e+00 9.987829999999999764e-01
2.349966000000000221e+00 9.997519999999999740e-01
2.510339999999999794e+00 1.000000000000000000e+00
2.681608999999999909e+00 1.000000000000000000e+00
2.861769999999999925e+00 1.000000000000000000e+00
3.000000000000000000e+00 1.000000000000000000e+00
0.000000000000000000e+00 1.428000000000000016e-03
3.348299999999999887e-02 8.059000000000000191e-03
9.816900000000000626e-02 2.495700000000000002e-02
2.380849999999999911e-01 7.459899999999999864e-02
3.747539999999999760e-01 1.251339999999999952e-01
5.399500000000000410e-01 1.948010000000000019e-01
7.163549999999999640e-01 2.776350000000000207e-01
9.079199999999999493e-01 3.819029999999999925e-01
1.101928000000000019e+00 4.687649999999999872e-01
1.308081999999999967e+00 5.533850000000000158e-01
1.474409999999999998e+00 6.322200000000000042e-01
1.657288000000000094e+00 8.080629999999999757e-01
1.837752000000000052e+00 8.929049999999999487e-01
2.022200000000000220e+00 9.613009999999999611e-01
2.190351999999999855e+00 9.878860000000000419e-01
2.348794999999999966e+00 9.993720000000000381e-01
2.509698000000000206e+00 1.000000000000000000e+00
2.681738000000000177e+00 1.000000000000000000e+00
2.861803999999999792e+00 1.000000000000000000e+00
3.000000000000000000e+00 1.000000000000000000e+00
0.000000000000000000e+00 1.224999999999999960e-03
1.929499999999999965e-02 4.204000000000000271e-03
6.973899999999999544e-02 1.575599999999999917e-02
1.701239999999999974e-01 4.060600000000000320e-02
3.071349999999999913e-01 8.972499999999999920e-02
4.564679999999999849e-01 1.327230000000000076e-01
6.201429999999999998e-01 1.919589999999999907e-01
7.969570000000000265e-01 2.609839999999999938e-01
9.899339999999999806e-01 3.275250000000000106e-01
1.192080999999999946e+00 4.296269999999999811e-01
1.398096000000000005e+00 4.985979999999999857e-01
1.581196999999999964e+00 6.234020000000000117e-01
1.757738999999999940e+00 7.522919999999999607e-01
1.954245999999999928e+00 8.764340000000000463e-01
2.148679000000000006e+00 9.353489999999999860e-01
2.336152999999999924e+00 9.873729999999999452e-01
2.509681000000000051e+00 1.000000000000000000e+00
2.681529999999999969e+00 9.999470000000000303e-01
2.861686999999999870e+00 1.000000000000000000e+00
3.000000000000000000e+00 1.000000000000000000e+00
0.000000000000000000e+00 1.266999999999999897e-03
1.568800000000000056e-02 3.197999999999999888e-03
4.986000000000000154e-02 8.416999999999999135e-03
1.251619999999999955e-01 2.327500000000000055e-02
2.495080000000000076e-01 5.319700000000000123e-02
3.930159999999999765e-01 9.494700000000000362e-02
5.584989999999999677e-01 1.176249999999999934e-01
7.131579999999999586e-01 1.774580000000000046e-01
8.895250000000000101e-01 2.404870000000000063e-01
1.081873000000000085e+00 3.167579999999999840e-01
1.287163000000000057e+00 4.067700000000000204e-01
1.487708999999999948e+00 4.759669999999999734e-01
1.681537000000000059e+00 5.800319999999999920e-01
1.880298999999999943e+00 7.100090000000000012e-01
2.084243999999999986e+00 8.435329999999999773e-01
2.287402999999999853e+00 9.178169999999999940e-01
2.496741000000000099e+00 9.816139999999999866e-01
2.682284000000000113e+00 9.997899999999999565e-01
2.861762000000000139e+00 1.000000000000000000e+00
3.000000000000000000e+00 1.000000000000000000e+00
0.000000000000000000e+00 9.500000000000000523e-05
1.184200000000000010e-02 1.902000000000000045e-03
3.899899999999999894e-02 4.877000000000000259e-03
9.591099999999999626e-02 1.431499999999999960e-02
1.933739999999999903e-01 3.011600000000000041e-02
3.379150000000000209e-01 6.272099999999999898e-02
5.017920000000000158e-01 9.225400000000000267e-02
6.626309999999999700e-01 1.303330000000000044e-01
8.181580000000000519e-01 1.647500000000000075e-01
9.881250000000000311e-01 2.220999999999999919e-01
1.178458999999999923e+00 2.906549999999999967e-01
1.379841000000000095e+00 3.390059999999999740e-01
1.585898000000000030e+00 4.696429999999999771e-01
1.790915999999999952e+00 5.635590000000000321e-01
2.004735000000000156e+00 7.103140000000000009e-01
2.223611000000000004e+00 8.332190000000000429e-01
2.456329999999999902e+00 9.214179999999999593e-01
2.665919000000000150e+00 9.840459999999999763e-01
2.857403999999999833e+00 9.989170000000000549e-01
3.000000000000000000e+00 1.000000000000000000e+00
0.000000000000000000e+00 0.000000000000000000e+00
9.468000000000000721e-03 1.118000000000000070e-03
3.053799999999999917e-02 2.638000000000000154e-03
7.638399999999999357e-02 1.004900000000000064e-02
1.647059999999999913e-01 1.981600000000000028e-02
2.876049999999999995e-01 3.545500000000000040e-02
4.465660000000000185e-01 5.718399999999999872e-02
6.184610000000000385e-01 8.575299999999999589e-02
7.786689999999999445e-01 1.266940000000000011e-01
9.293240000000000389e-01 1.441330000000000111e-01
1.096268000000000020e+00 1.926670000000000049e-01
1.280820000000000070e+00 2.297530000000000128e-01
1.486310000000000020e+00 3.029700000000000171e-01
1.696120000000000072e+00 4.115699999999999914e-01
1.906817999999999902e+00 5.168829999999999814e-01
2.139308000000000209e+00 6.653980000000000450e-01
2.379662999999999862e+00 8.279039999999999733e-01
2.602834999999999788e+00 9.230629999999999669e-01
2.843617000000000061e+00 9.941569999999999574e-01
3.000000000000000000e+00 1.000000000000000000e+00
0.000000000000000000e+00 0.000000000000000000e+00
6.978999999999999961e-03 4.500000000000000283e-05
2.760800000000000060e-02 1.177000000000000095e-03
7.103900000000000492e-02 3.428000000000000057e-03
1.451580000000000092e-01 1.474999999999999922e-02
2.609580000000000233e-01 2.034199999999999897e-02
4.055599999999999761e-01 3.556999999999999745e-02
5.634949999999999681e-01 5.818799999999999667e-02
7.348729999999999984e-01 8.694000000000000339e-02
9.033499999999999863e-01 1.035719999999999974e-01
1.060044999999999904e+00 9.675699999999999579e-02
1.216833999999999971e+00 1.162979999999999986e-01
1.397914000000000101e+00 1.810950000000000060e-01
1.598006000000000038e+00 2.315599999999999881e-01
1.807522000000000073e+00 3.431150000000000033e-01
2.024977999999999945e+00 4.530520000000000103e-01
2.241727000000000025e+00 5.583650000000000002e-01
2.517278000000000127e+00 8.521499999999999631e-01
2.784514999999999851e+00 9.657999999999999918e-01
3.000000000000000000e+00 1.000000000000000000e+00
0.000000000000000000e+00 0.000000000000000000e+00
7.062999999999999834e-03 0.000000000000000000e+00
2.652200000000000044e-02 0.000000000000000000e+00
7.050900000000000223e-02 0.000000000000000000e+00
1.466290000000000093e-01 0.000000000000000000e+00
2.534159999999999746e-01 1.847000000000000031e-02
3.835600000000000120e-01 2.353099999999999983e-02
5.283970000000000056e-01 1.922300000000000050e-02
6.905850000000000044e-01 3.526699999999999974e-02
8.659630000000000383e-01 4.589599999999999930e-02
1.036694999999999922e+00 7.046499999999999986e-02
1.207275000000000098e+00 6.668200000000000516e-02
1.357162999999999897e+00 6.079199999999999882e-02
1.526010000000000089e+00 9.556000000000000605e-02
1.710728000000000026e+00 1.711239999999999983e-01
1.918269000000000002e+00 2.825670000000000126e-01
2.125723999999999947e+00 3.559499999999999886e-01
2.293360999999999983e+00 4.983259999999999912e-01
2.666544000000000025e+00 8.878329999999999833e-01
3.000000000000000000e+00 1.000000000000000000e+00
0.000000000000000000e+00 0.000000000000000000e+00
7.075999999999999825e-03 0.000000000000000000e+00
2.668299999999999839e-02 0.000000000000000000e+00
7.127899999999999514e-02 0.000000000000000000e+00
1.482989999999999864e-01 0.000000000000000000e+00
2.643499999999999739e-01 0.000000000000000000e+00
4.094470000000000054e-01 0.000000000000000000e+00
5.617640000000000411e-01 0.000000000000000000e+00
7.102789999999999937e-01 0.000000000000000000e+00
8.694579999999999531e-01 0.000000000000000000e+00
1.035733999999999932e+00 0.000000000000000000e+00
1.199279999999999902e+00 0.000000000000000000e+00
1.361869999999999914e+00 0.000000000000000000e+00
1.502820000000000045e+00 0.000000000000000000e+00
1.659931000000000045e+00 0.000000000000000000e+00
1.826372000000000106e+00 0.000000000000000000e+00
1.989427000000000056e+00 0.000000000000000000e+00
2.169598999999999833e+00 0.000000000000000000e+00
2.305868999999999946e+00 0.000000000000000000e+00
3.000000000000000000e+00 1.000000000000000000e+00
