4.609999999999999840e-04 4.609999999999999840e-04
2.840000000000000076e-03 2.860000000000000129e-04
9.591000000000000567e-03 3.727999999999999977e-03
2.172599999999999879e-02 5.846999999999999767e-03
3.107700000000000046e-02 1.130899999999999961e-02
8.172799999999999510e-02 3.119800000000000004e-02
1.583650000000000058e-01 6.989099999999999480e-02
2.334600000000000009e-01 1.388070000000000137e-01
3.357589999999999741e-01 2.253439999999999888e-01
4.701099999999999723e-01 3.230330000000000146e-01
6.202830000000000288e-01 4.209129999999999816e-01
7.809289999999999843e-01 5.146220000000000239e-01
9.314069999999999849e-01 6.053539999999999477e-01
1.088298999999999905e+00 6.845409999999999551e-01
1.259595000000000020e+00 7.512320000000000109e-01
1.421861999999999959e+00 8.062160000000000437e-01
1.576432999999999973e+00 8.450729999999999631e-01
1.716244000000000103e+00 8.894050000000000011e-01
1.873621999999999899e+00 9.157999999999999474e-01
2.000000000000000000e+00 9.539079999999999782e-01
2.860000000000000129e-04 2.840000000000000076e-03
6.048999999999999690e-03 6.048999999999999690e-03
1.043200000000000030e-02 8.111999999999999419e-03
2.319699999999999887e-02 1.472799999999999977e-02
5.185700000000000032e-02 3.418100000000000305e-02
9.267999999999999849e-02 6.271699999999999497e-02
1.888009999999999966e-01 1.346340000000000037e-01
2.942270000000000163e-01 2.310709999999999986e-01
4.256360000000000143e-01 3.386979999999999991e-01
5.516999999999999682e-01 4.440769999999999995e-01
6.907750000000000279e-01 5.401230000000000198e-01
8.358659999999999979e-01 6.344340000000000535e-01
9.788350000000000106e-01 7.132340000000000346e-01
1.128405000000000102e+00 7.693449999999999456e-01
1.289012999999999964e+00 8.235050000000000425e-01
1.439008999999999983e+00 8.678080000000000238e-01
1.575685000000000002e+00 9.122050000000000436e-01
1.730923999999999907e+00 9.406240000000000157e-01
1.869639000000000051e+00 9.570279999999999898e-01
2.000000000000000000e+00 9.821280000000000010e-01
3.727999999999999977e-03 9.591000000000000567e-03
8.111999999999999419e-03 1.043200000000000030e-02
1.676700000000000065e-02 1.676700000000000065e-02
3.679299999999999932e-02 3.114600000000000007e-02
7.480100000000000637e-02 6.270399999999999585e-02
1.546099999999999974e-01 1.330230000000000024e-01
2.838809999999999945e-01 2.449880000000000113e-01
3.934279999999999999e-01 3.413379999999999748e-01
5.150689999999999991e-01 4.465379999999999905e-01
6.462759999999999616e-01 5.424050000000000260e-01
7.792769999999999975e-01 6.328129999999999589e-01
9.079690000000000261e-01 7.139250000000000318e-01
1.040380000000000082e+00 7.779049999999999576e-01
1.190391999999999895e+00 8.340330000000000243e-01
1.337396999999999947e+00 8.760229999999999961e-01
1.466031000000000084e+00 9.191449999999999898e-01
1.603936999999999946e+00 9.465710000000000512e-01
1.751975000000000060e+00 9.703359999999999763e-01
1.877305999999999919e+00 9.855150000000000299e-01
2.000000000000000000e+00 1.013476999999999961e+00
5.846999999999999767e-03 2.172599999999999879e-02
1.472799999999999977e-02 2.319699999999999887e-02
3.114600000000000007e-02 3.679299999999999932e-02
6.668100000000000416e-02 6.668100000000000416e-02
1.423399999999999943e-01 1.351189999999999891e-01
2.581470000000000153e-01 2.421719999999999984e-01
3.750080000000000080e-01 3.442870000000000097e-01
4.947619999999999796e-01 4.509710000000000107e-01
6.141499999999999737e-01 5.453949999999999632e-01
7.376570000000000071e-01 6.319569999999999910e-01
8.587259999999999893e-01 7.124759999999999982e-01
9.777080000000000215e-01 7.846779999999999866e-01
1.107231999999999994e+00 8.415960000000000107e-01
1.246930000000000094e+00 8.864370000000000305e-01
1.377075000000000049e+00 9.250260000000000149e-01
1.495289000000000090e+00 9.583960000000000257e-01
1.626700000000000035e+00 9.837299999999999933e-01
1.765881000000000034e+00 1.003698999999999897e+00
1.885442999999999980e+00 1.019697000000000076e+00
2.000000000000000000e+00 1.046950000000000047e+00
1.130899999999999961e-02 3.107700000000000046e-02
3.418100000000000305e-02 5.185700000000000032e-02
6.270399999999999585e-02 7.480100000000000637e-02
1.351189999999999891e-01 1.423399999999999943e-01
2.447239999999999971e-01 2.447239999999999971e-01
3.599220000000000197e-01 3.486279999999999935e-01
4.836940000000000128e-01 4.604050000000000087e-01
5.895550000000000512e-01 5.544750000000000512e-01
7.038389999999999924e-01 6.377690000000000303e-01
8.167210000000000303e-01 7.150170000000000137e-01
9.222930000000000295e-01 7.876109999999999500e-01
1.039484999999999992e+00 8.467459999999999987e-01
1.162886000000000086e+00 8.965279999999999916e-01
1.284888999999999948e+00 9.336119999999999974e-01
1.404608999999999996e+00 9.689410000000000522e-01
1.521160999999999985e+00 9.960529999999999662e-01
1.644676999999999945e+00 1.021466999999999903e+00
1.776966999999999963e+00 1.041592000000000073e+00
1.888762000000000052e+00 1.058613000000000026e+00
2.000000000000000000e+00 1.083841999999999972e+00
3.119800000000000004e-02 8.172799999999999510e-02
6.271699999999999497e-02 9.267999999999999849e-02
1.330230000000000024e-01 1.546099999999999974e-01
2.421719999999999984e-01 2.581470000000000153e-01
3.486279999999999935e-01 3.599220000000000197e-01
4.691989999999999772e-01 4.691989999999999772e-01
5.724350000000000271e-01 5.650039999999999507e-01
6.785339999999999705e-01 6.471010000000000373e-01
7.821360000000000534e-01 7.264620000000000521e-01
8.829810000000000159e-01 7.969920000000000337e-01
9.869999999999999885e-01 8.557449999999999779e-01
1.095887000000000056e+00 9.075069999999999526e-01
1.210167999999999910e+00 9.464380000000000015e-01
1.323827000000000087e+00 9.794620000000000548e-01
1.433278999999999970e+00 1.011962000000000028e+00
1.542348000000000052e+00 1.040850000000000053e+00
1.663745000000000029e+00 1.062195999999999918e+00
1.789673000000000069e+00 1.083395000000000108e+00
1.891574000000000089e+00 1.100446999999999953e+00
2.000000000000000000e+00 1.127213999999999938e+00
6.989099999999999480e-02 1.583650000000000058e-01
1.346340000000000037e-01 1.888009999999999966e-01
2.449880000000000113e-01 2.838809999999999945e-01
3.442870000000000097e-01 3.750080000000000080e-01
4.604050000000000087e-01 4.836940000000000128e-01
5.650039999999999507e-01 5.724350000000000271e-01
6.595490000000000519e-01 6.595490000000000519e-01
7.574809999999999599e-01 7.391579999999999817e-01
8.532560000000000144e-01 8.094630000000000436e-01
9.432070000000000176e-01 8.682320000000000038e-01
1.041679999999999939e+00 9.151139999999999830e-01
1.140374999999999917e+00 9.617440000000000433e-01
1.248326999999999964e+00 9.969489999999999741e-01
1.357537999999999911e+00 1.032105000000000050e+00
1.457688000000000095e+00 1.062427000000000010e+00
1.565617999999999954e+00 1.088769000000000098e+00
1.679980000000000029e+00 1.111288999999999971e+00
1.799520999999999926e+00 1.131159000000000026e+00
1.894322999999999979e+00 1.146298000000000039e+00
2.000299000000000049e+00 1.174587999999999965e+00
1.388070000000000137e-01 2.334600000000000009e-01
2.310709999999999986e-01 2.942270000000000163e-01
3.413379999999999748e-01 3.934279999999999999e-01
4.509710000000000107e-01 4.947619999999999796e-01
5.544750000000000512e-01 5.895550000000000512e-01
6.471010000000000373e-01 6.785339999999999705e-01
7.391579999999999817e-01 7.574809999999999599e-01
8.247689999999999744e-01 8.247689999999999744e-01
9.085060000000000358e-01 8.800649999999999862e-01
9.956770000000000342e-01 9.321000000000000396e-01
1.086880999999999986e+00 9.805199999999999472e-01
1.181438999999999906e+00 1.020580999999999960e+00
1.284929999999999906e+00 1.054510999999999976e+00
1.387186000000000030e+00 1.089013999999999927e+00
1.482537999999999911e+00 1.117067999999999950e+00
1.586875999999999953e+00 1.141096000000000110e+00
1.694647999999999932e+00 1.165877000000000052e+00
1.805889000000000078e+00 1.182771999999999935e+00
1.897032999999999969e+00 1.196457000000000104e+00
2.002502999999999922e+00 1.224645999999999901e+00
2.253439999999999888e-01 3.357589999999999741e-01
3.386979999999999991e-01 4.256360000000000143e-01
4.465379999999999905e-01 5.150689999999999991e-01
5.453949999999999632e-01 6.141499999999999737e-01
6.377690000000000303e-01 7.038389999999999924e-01
7.264620000000000521e-01 7.821360000000000534e-01
8.094630000000000436e-01 8.532560000000000144e-01
8.800649999999999862e-01 9.085060000000000358e-01
9.591539999999999511e-01 9.591539999999999511e-01
1.042529000000000039e+00 1.006985999999999937e+00
1.129699000000000009e+00 1.051247999999999960e+00
1.220663000000000054e+00 1.085264999999999924e+00
1.315377000000000018e+00 1.120066999999999924e+00
1.416211000000000109e+00 1.149307000000000079e+00
1.505641000000000007e+00 1.175125999999999893e+00
1.603682000000000052e+00 1.200976999999999961e+00
1.708287000000000111e+00 1.223530000000000006e+00
1.812356999999999996e+00 1.238822000000000090e+00
1.899823000000000039e+00 1.251605000000000079e+00
2.004259999999999931e+00 1.279071999999999987e+00
3.230330000000000146e-01 4.701099999999999723e-01
4.440769999999999995e-01 5.516999999999999682e-01
5.424050000000000260e-01 6.462759999999999616e-01
6.319569999999999910e-01 7.376570000000000071e-01
7.150170000000000137e-01 8.167210000000000303e-01
7.969920000000000337e-01 8.829810000000000159e-01
8.682320000000000038e-01 9.432070000000000176e-01
9.321000000000000396e-01 9.956770000000000342e-01
1.006985999999999937e+00 1.042529000000000039e+00
1.086537000000000086e+00 1.086537000000000086e+00
1.170557000000000070e+00 1.124460999999999933e+00
1.254137000000000057e+00 1.158771999999999913e+00
1.345445000000000002e+00 1.187175000000000091e+00
1.440309000000000061e+00 1.213765999999999901e+00
1.526332000000000022e+00 1.239212999999999898e+00
1.619078000000000017e+00 1.263648000000000104e+00
1.720197999999999894e+00 1.283347999999999933e+00
1.818745999999999974e+00 1.298561000000000076e+00
1.902139000000000024e+00 1.309989999999999988e+00
2.005381999999999998e+00 1.331220000000000070e+00
4.209129999999999816e-01 6.202830000000000288e-01
5.401230000000000198e-01 6.907750000000000279e-01
6.328129999999999589e-01 7.792769999999999975e-01
7.124759999999999982e-01 8.587259999999999893e-01
7.876109999999999500e-01 9.222930000000000295e-01
8.557449999999999779e-01 9.869999999999999885e-01
9.151139999999999830e-01 1.041679999999999939e+00
9.805199999999999472e-01 1.086880999999999986e+00
1.051247999999999960e+00 1.129699000000000009e+00
1.124460999999999933e+00 1.170557000000000070e+00
1.203497000000000039e+00 1.203497000000000039e+00
1.284059999999999979e+00 1.231128999999999918e+00
1.372324000000000099e+00 1.257314999999999960e+00
1.460218000000000016e+00 1.283325000000000049e+00
1.542060999999999904e+00 1.307843000000000089e+00
1.633561000000000041e+00 1.329523999999999928e+00
1.731239999999999890e+00 1.346880000000000077e+00
1.824705000000000021e+00 1.361536000000000080e+00
1.904667000000000110e+00 1.372225999999999946e+00
2.005805000000000060e+00 1.387620999999999993e+00
5.146220000000000239e-01 7.809289999999999843e-01
6.344340000000000535e-01 8.358659999999999979e-01
7.139250000000000318e-01 9.079690000000000261e-01
7.846779999999999866e-01 9.777080000000000215e-01
8.467459999999999987e-01 1.039484999999999992e+00
9.075069999999999526e-01 1.095887000000000056e+00
9.617440000000000433e-01 1.140374999999999917e+00
1.020580999999999960e+00 1.181438999999999906e+00
1.085264999999999924e+00 1.220663000000000054e+00
1.158771999999999913e+00 1.254137000000000057e+00
1.231128999999999918e+00 1.284059999999999979e+00
1.310302000000000078e+00 1.310302000000000078e+00
1.395488000000000062e+00 1.334364000000000106e+00
1.476183000000000023e+00 1.358702999999999994e+00
1.557793999999999901e+00 1.378776000000000002e+00
1.647194999999999965e+00 1.398481000000000085e+00
1.740798000000000068e+00 1.414428999999999936e+00
1.830356000000000094e+00 1.427581999999999907e+00
1.907564999999999955e+00 1.437461000000000100e+00
2.005698999999999899e+00 1.448901999999999912e+00
6.053539999999999477e-01 9.314069999999999849e-01
7.132340000000000346e-01 9.788350000000000106e-01
7.779049999999999576e-01 1.040380000000000082e+00
8.415960000000000107e-01 1.107231999999999994e+00
8.965279999999999916e-01 1.162886000000000086e+00
9.464380000000000015e-01 1.210167999999999910e+00
9.969489999999999741e-01 1.248326999999999964e+00
1.054510999999999976e+00 1.284929999999999906e+00
1.120066999999999924e+00 1.315377000000000018e+00
1.187175000000000091e+00 1.345445000000000002e+00
1.257314999999999960e+00 1.372324000000000099e+00
1.334364000000000106e+00 1.395488000000000062e+00
1.414161000000000001e+00 1.414161000000000001e+00
1.493697999999999970e+00 1.433326000000000100e+00
1.573844999999999938e+00 1.451661000000000090e+00
1.660028999999999977e+00 1.467786000000000035e+00
1.748523000000000049e+00 1.482787999999999995e+00
1.835779999999999967e+00 1.497182999999999931e+00
1.910755999999999899e+00 1.505527999999999977e+00
2.005437000000000136e+00 1.514116999999999935e+00
6.845409999999999551e-01 1.088298999999999905e+00
7.693449999999999456e-01 1.128405000000000102e+00
8.340330000000000243e-01 1.190391999999999895e+00
8.864370000000000305e-01 1.246930000000000094e+00
9.336119999999999974e-01 1.284888999999999948e+00
9.794620000000000548e-01 1.323827000000000087e+00
1.032105000000000050e+00 1.357537999999999911e+00
1.089013999999999927e+00 1.387186000000000030e+00
1.149307000000000079e+00 1.416211000000000109e+00
1.213765999999999901e+00 1.440309000000000061e+00
1.283325000000000049e+00 1.460218000000000016e+00
1.358702999999999994e+00 1.476183000000000023e+00
1.433326000000000100e+00 1.493697999999999970e+00
1.510065999999999908e+00 1.510065999999999908e+00
1.587893999999999917e+00 1.525530999999999970e+00
1.671278999999999959e+00 1.539646000000000070e+00
1.756615999999999955e+00 1.554167999999999994e+00
1.841294999999999904e+00 1.567147999999999985e+00
1.913996000000000031e+00 1.575919000000000070e+00
2.005015000000000214e+00 1.581215999999999955e+00
7.512320000000000109e-01 1.259595000000000020e+00
8.235050000000000425e-01 1.289012999999999964e+00
8.760229999999999961e-01 1.337396999999999947e+00
9.250260000000000149e-01 1.377075000000000049e+00
9.689410000000000522e-01 1.404608999999999996e+00
1.011962000000000028e+00 1.433278999999999970e+00
1.062427000000000010e+00 1.457688000000000095e+00
1.117067999999999950e+00 1.482537999999999911e+00
1.175125999999999893e+00 1.505641000000000007e+00
1.239212999999999898e+00 1.526332000000000022e+00
1.307843000000000089e+00 1.542060999999999904e+00
1.378776000000000002e+00 1.557793999999999901e+00
1.451661000000000090e+00 1.573844999999999938e+00
1.525530999999999970e+00 1.587893999999999917e+00
1.600502000000000091e+00 1.600502000000000091e+00
1.681249999999999911e+00 1.612374999999999892e+00
1.763371000000000022e+00 1.623688000000000020e+00
1.846155999999999908e+00 1.635180000000000078e+00
1.916063999999999989e+00 1.641237000000000057e+00
2.003753999999999813e+00 1.652709999999999901e+00
8.062160000000000437e-01 1.421861999999999959e+00
8.678080000000000238e-01 1.439008999999999983e+00
9.191449999999999898e-01 1.466031000000000084e+00
9.583960000000000257e-01 1.495289000000000090e+00
9.960529999999999662e-01 1.521160999999999985e+00
1.040850000000000053e+00 1.542348000000000052e+00
1.088769000000000098e+00 1.565617999999999954e+00
1.141096000000000110e+00 1.586875999999999953e+00
1.200976999999999961e+00 1.603682000000000052e+00
1.263648000000000104e+00 1.619078000000000017e+00
1.329523999999999928e+00 1.633561000000000041e+00
1.398481000000000085e+00 1.647194999999999965e+00
1.467786000000000035e+00 1.660028999999999977e+00
1.539646000000000070e+00 1.671278999999999959e+00
1.612374999999999892e+00 1.681249999999999911e+00
1.690447000000000033e+00 1.690447000000000033e+00
1.770612999999999992e+00 1.698695999999999984e+00
1.849666999999999950e+00 1.706223999999999963e+00
1.919291000000000080e+00 1.708757999999999999e+00
2.001309000000000005e+00 1.728963000000000028e+00
8.450729999999999631e-01 1.576432999999999973e+00
9.122050000000000436e-01 1.575685000000000002e+00
9.465710000000000512e-01 1.603936999999999946e+00
9.837299999999999933e-01 1.626700000000000035e+00
1.021466999999999903e+00 1.644676999999999945e+00
1.062195999999999918e+00 1.663745000000000029e+00
1.111288999999999971e+00 1.679980000000000029e+00
1.165877000000000052e+00 1.694647999999999932e+00
1.223530000000000006e+00 1.708287000000000111e+00
1.283347999999999933e+00 1.720197999999999894e+00
1.346880000000000077e+00 1.731239999999999890e+00
1.414428999999999936e+00 1.740798000000000068e+00
1.482787999999999995e+00 1.748523000000000049e+00
1.554167999999999994e+00 1.756615999999999955e+00
1.623688000000000020e+00 1.763371000000000022e+00
1.698695999999999984e+00 1.770612999999999992e+00
1.777700999999999976e+00 1.777700999999999976e+00
1.852756000000000070e+00 1.781979999999999897e+00
1.923316999999999943e+00 1.783415999999999890e+00
2.000000000000000000e+00 1.796038999999999941e+00
8.894050000000000011e-01 1.716244000000000103e+00
9.406240000000000157e-01 1.730923999999999907e+00
9.703359999999999763e-01 1.751975000000000060e+00
1.003698999999999897e+00 1.765881000000000034e+00
1.041592000000000073e+00 1.776966999999999963e+00
1.083395000000000108e+00 1.789673000000000069e+00
1.131159000000000026e+00 1.799520999999999926e+00
1.182771999999999935e+00 1.805889000000000078e+00
1.238822000000000090e+00 1.812356999999999996e+00
1.298561000000000076e+00 1.818745999999999974e+00
1.361536000000000080e+00 1.824705000000000021e+00
1.427581999999999907e+00 1.830356000000000094e+00
1.497182999999999931e+00 1.835779999999999967e+00
1.567147999999999985e+00 1.841294999999999904e+00
1.635180000000000078e+00 1.846155999999999908e+00
1.706223999999999963e+00 1.849666999999999950e+00
1.781979999999999897e+00 1.852756000000000070e+00
1.856022999999999978e+00 1.856022999999999978e+00
1.926916000000000073e+00 1.861269999999999980e+00
2.000000000000000000e+00 1.867323000000000066e+00
9.157999999999999474e-01 1.873621999999999899e+00
9.570279999999999898e-01 1.869639000000000051e+00
9.855150000000000299e-01 1.877305999999999919e+00
1.019697000000000076e+00 1.885442999999999980e+00
1.058613000000000026e+00 1.888762000000000052e+00
1.100446999999999953e+00 1.891574000000000089e+00
1.146298000000000039e+00 1.894322999999999979e+00
1.196457000000000104e+00 1.897032999999999969e+00
1.251605000000000079e+00 1.899823000000000039e+00
1.309989999999999988e+00 1.902139000000000024e+00
1.372225999999999946e+00 1.904667000000000110e+00
1.437461000000000100e+00 1.907564999999999955e+00
1.505527999999999977e+00 1.910755999999999899e+00
1.575919000000000070e+00 1.913996000000000031e+00
1.641237000000000057e+00 1.916063999999999989e+00
1.708757999999999999e+00 1.919291000000000080e+00
1.783415999999999890e+00 1.923316999999999943e+00
1.861269999999999980e+00 1.926916000000000073e+00
1.930971999999999911e+00 1.930971999999999911e+00
2.000000000000000000e+00 1.938849000000000045e+00
9.539079999999999782e-01 2.000000000000000000e+00
9.821280000000000010e-01 2.000000000000000000e+00
1.013476999999999961e+00 2.000000000000000000e+00
1.046950000000000047e+00 2.000000000000000000e+00
1.083841999999999972e+00 2.000000000000000000e+00
1.127213999999999938e+00 2.000000000000000000e+00
1.174587999999999965e+00 2.000299000000000049e+00
1.224645999999999901e+00 2.002502999999999922e+00
1.279071999999999987e+00 2.004259999999999931e+00
1.331220000000000070e+00 2.005381999999999998e+00
1.387620999999999993e+00 2.005805000000000060e+00
1.448901999999999912e+00 2.005698999999999899e+00
1.514116999999999935e+00 2.005437000000000136e+00
1.581215999999999955e+00 2.005015000000000214e+00
1.652709999999999901e+00 2.003753999999999813e+00
1.728963000000000028e+00 2.001309000000000005e+00
1.796038999999999941e+00 2.000000000000000000e+00
1.867323000000000066e+00 2.000000000000000000e+00
1.938849000000000045e+00 2.000000000000000000e+00
2.000000000000000000e+00 2.000000000000000000e+00
