-5.440999999999999656e-03 1.170963999999999894e+00
-1.489000000000000089e-03 1.089064000000000032e+00
-7.159999999999999481e-04 1.061968999999999941e+00
-4.550000000000000008e-04 1.049544999999999950e+00
-3.570000000000000040e-04 1.043965000000000032e+00
-3.179999999999999776e-04 1.041468999999999978e+00
-2.910000000000000260e-04 1.039425999999999961e+00
-4.020000000000000136e-03 1.150914999999999910e+00
-9.920000000000000432e-04 1.074567999999999968e+00
-4.820000000000000066e-04 1.052070999999999978e+00
-3.209999999999999963e-04 1.042564000000000046e+00
-2.570000000000000127e-04 1.038113000000000063e+00
-1.969999999999999909e-04 1.033322000000000074e+00
-1.029999999999999964e-04 1.023471000000000020e+00
-2.442999999999999859e-03 1.122948000000000057e+00
-5.479999999999999845e-04 1.057635000000000103e+00
-2.489999999999999809e-04 1.038688000000000056e+00
-1.440000000000000036e-04 1.029697000000000084e+00
-6.799999999999999946e-05 1.021147999999999945e+00
6.689100000000000046e-01 1.006477999999999984e+00
1.182692000000000077e+00 9.568349999999999911e-01
-1.072000000000000036e-03 1.089514000000000093e+00
-1.859999999999999945e-04 1.036286999999999958e+00
7.374999999999999611e-03 1.017457000000000056e+00
8.886680000000000135e-01 1.004607999999999945e+00
-1.000000000000000082e-05 9.926829999999999821e-01
4.403199999999999892e-01 8.039960000000000440e-01
3.156740999999999797e+00 1.011090000000000044e-01
-1.769999999999999926e-04 1.051948000000000105e+00
1.204801000000000011e+00 1.008736999999999995e+00
2.118000000000000091e-03 1.007959999999999967e+00
4.645699999999999830e-02 1.004923000000000011e+00
-3.269999999999999795e-04 7.919040000000000523e-01
1.687508999999999926e+00 -3.699999999999999947e-04
9.166950000000000376e-01 8.070420000000000371e-01
1.849172000000000038e+00 1.016000999999999932e+00
-1.269999999999999970e-04 1.040791999999999939e+00
9.987799999999999456e-02 -2.249999999999999938e-04
2.168300000000000088e-02 1.007557000000000036e+00
-2.300000000000000070e-04 5.103609999999999536e-01
3.281400000000000289e-02 6.683600000000000652e-02
1.000029999999999947e-01 -3.634000000000000077e-03
1.023860000000000048e-01 -4.989000000000000379e-03
1.007239999999999941e-01 -1.430999999999999980e-03
1.002320000000000016e-01 -4.279999999999999950e-04
1.004410000000000025e-01 -1.005000000000000034e-03
1.018789999999999973e-01 -4.965999999999999928e-03
1.044569999999999943e-01 -1.308800000000000067e-02
5.791199999999999681e-01 9.999999999999999547e-07
