1.000348000000000015e+00
1.000334999999999974e+00
1.000321000000000016e+00
1.000305999999999917e+00
1.000289999999999901e+00
1.000272999999999968e+00
1.000256000000000034e+00
1.000237999999999960e+00
1.000218999999999969e+00
1.000199999999999978e+00
1.000180999999999987e+00
1.000161000000000078e+00
1.000142000000000087e+00
1.000126000000000071e+00
1.000111999999999890e+00
1.000104000000000104e+00
1.000102000000000046e+00
1.000102000000000046e+00
1.000102999999999964e+00
1.000097000000000014e+00
1.000342000000000064e+00
1.000326999999999966e+00
1.000310999999999950e+00
1.000294000000000016e+00
1.000277000000000083e+00
1.000258000000000091e+00
1.000240000000000018e+00
1.000221000000000027e+00
1.000202000000000035e+00
1.000183000000000044e+00
1.000166000000000111e+00
1.000151000000000012e+00
1.000138999999999889e+00
1.000131000000000103e+00
1.000127999999999906e+00
1.000127999999999906e+00
1.000124999999999931e+00
1.000116000000000005e+00
1.000094999999999956e+00
1.000056999999999974e+00
1.000337999999999949e+00
1.000321000000000016e+00
1.000304000000000082e+00
1.000285000000000091e+00
1.000266000000000099e+00
1.000247000000000108e+00
1.000227999999999895e+00
1.000210999999999961e+00
1.000194000000000027e+00
1.000178999999999929e+00
1.000167999999999946e+00
1.000159999999999938e+00
1.000154999999999905e+00
1.000151999999999930e+00
1.000145000000000062e+00
1.000129999999999963e+00
1.000102999999999964e+00
1.000064999999999982e+00
1.000046999999999908e+00
1.000021999999999966e+00
1.000335999999999892e+00
1.000318000000000040e+00
1.000299000000000049e+00
1.000280000000000058e+00
1.000261000000000067e+00
1.000242999999999993e+00
1.000226000000000059e+00
1.000210999999999961e+00
1.000199000000000060e+00
1.000188999999999995e+00
1.000180999999999987e+00
1.000172999999999979e+00
1.000159999999999938e+00
1.000137000000000054e+00
1.000105000000000022e+00
1.000083000000000055e+00
1.000067000000000039e+00
1.000042000000000098e+00
1.000008999999999926e+00
9.986249999999999849e-01
1.000340000000000007e+00
1.000320000000000098e+00
1.000299999999999967e+00
1.000280999999999976e+00
1.000262999999999902e+00
1.000245999999999968e+00
1.000231000000000092e+00
1.000218000000000051e+00
1.000204000000000093e+00
1.000186999999999937e+00
1.000164999999999971e+00
1.000134000000000079e+00
1.000111999999999890e+00
1.000099999999999989e+00
1.000084999999999891e+00
1.000059999999999949e+00
1.000029000000000057e+00
9.987890000000000379e-01
9.978019999999999667e-01
9.956679999999999975e-01
1.000350999999999990e+00
1.000329000000000024e+00
1.000307999999999975e+00
1.000286999999999926e+00
1.000266000000000099e+00
1.000245000000000051e+00
1.000221000000000027e+00
1.000191999999999970e+00
1.000159000000000020e+00
1.000134999999999996e+00
1.000126000000000071e+00
1.000115000000000087e+00
1.000099999999999989e+00
1.000077000000000105e+00
1.000048000000000048e+00
1.000008000000000008e+00
9.982250000000000290e-01
9.967719999999999914e-01
9.929419999999999913e-01
9.870459999999999789e-01
1.000370999999999899e+00
1.000342000000000064e+00
1.000310999999999950e+00
1.000275999999999943e+00
1.000235999999999903e+00
1.000191999999999970e+00
1.000162999999999913e+00
1.000145000000000062e+00
1.000137000000000054e+00
1.000126000000000071e+00
1.000113000000000030e+00
1.000091999999999981e+00
1.000064999999999982e+00
1.000026000000000082e+00
9.982919999999999572e-01
9.971499999999999808e-01
9.948059999999999681e-01
9.899829999999999464e-01
9.786759999999999904e-01
9.585249999999999604e-01
1.000367999999999924e+00
1.000315999999999983e+00
1.000264000000000042e+00
1.000223000000000084e+00
1.000186000000000019e+00
1.000159000000000020e+00
1.000145000000000062e+00
1.000134000000000079e+00
1.000121000000000038e+00
1.000102000000000046e+00
1.000077000000000105e+00
1.000040000000000040e+00
9.998620000000000285e-01
9.976260000000000128e-01
9.957840000000000025e-01
9.910010000000000208e-01
9.822539999999999605e-01
9.656620000000000203e-01
9.403599999999999737e-01
9.013710000000000333e-01
1.000321999999999933e+00
1.000272000000000050e+00
1.000226999999999977e+00
1.000188999999999995e+00
1.000161000000000078e+00
1.000140999999999947e+00
1.000126000000000071e+00
1.000107000000000079e+00
1.000084999999999891e+00
1.000050000000000106e+00
1.000010000000000066e+00
9.978639999999999732e-01
9.961149999999999727e-01
9.932079999999999798e-01
9.864699999999999580e-01
9.723929999999999518e-01
9.489499999999999602e-01
9.172620000000000218e-01
8.750799999999999690e-01
8.262530000000000152e-01
1.000288999999999984e+00
1.000237000000000043e+00
1.000193000000000110e+00
1.000158000000000103e+00
1.000132999999999939e+00
1.000108999999999915e+00
1.000086999999999948e+00
1.000056000000000056e+00
1.000019999999999909e+00
9.990900000000000336e-01
9.973060000000000258e-01
9.936310000000000420e-01
9.896540000000000337e-01
9.777559999999999585e-01
9.570309999999999651e-01
9.290479999999999849e-01
8.811120000000000063e-01
8.323840000000000128e-01
7.839420000000000277e-01
7.369459999999999900e-01
1.000245999999999968e+00
1.000197000000000003e+00
1.000153999999999987e+00
1.000118000000000062e+00
1.000088000000000088e+00
1.000056000000000056e+00
1.000021999999999966e+00
9.994720000000000271e-01
9.983039999999999692e-01
9.939210000000000544e-01
9.915690000000000337e-01
9.825030000000000152e-01
9.625860000000000527e-01
9.359250000000000069e-01
8.911040000000000072e-01
8.378759999999999541e-01
7.876170000000000115e-01
7.365239999999999565e-01
6.917130000000000223e-01
6.502559999999999452e-01
1.000196000000000085e+00
1.000145999999999979e+00
1.000102000000000046e+00
1.000062000000000006e+00
1.000026000000000082e+00
9.994659999999999656e-01
9.984180000000000277e-01
9.956939999999999680e-01
9.898000000000000131e-01
9.894380000000000397e-01
9.734880000000000200e-01
9.431329999999999991e-01
9.007119999999999571e-01
8.626340000000000119e-01
7.914550000000000196e-01
7.358270000000000088e-01
6.860429999999999584e-01
6.403879999999999573e-01
6.049189999999999845e-01
5.682300000000000129e-01
1.000135999999999914e+00
1.000088000000000088e+00
1.000043999999999933e+00
9.997779999999999445e-01
9.996350000000000513e-01
9.981539999999999857e-01
9.910980000000000345e-01
9.932549999999999990e-01
9.834450000000000136e-01
9.605839999999999934e-01
9.151730000000000143e-01
8.265109999999999957e-01
7.916570000000000551e-01
7.320879999999999610e-01
6.798560000000000159e-01
6.306260000000000199e-01
5.881469999999999754e-01
5.493749999999999467e-01
5.177890000000000548e-01
4.895349999999999979e-01
1.000078999999999940e+00
1.000024000000000024e+00
9.994650000000000478e-01
9.993680000000000341e-01
9.923210000000000086e-01
9.995720000000000161e-01
9.976939999999999698e-01
9.309370000000000145e-01
8.833039999999999781e-01
8.036499999999999755e-01
8.000620000000000509e-01
8.205740000000000256e-01
6.690749999999999753e-01
6.125549999999999606e-01
5.689939999999999998e-01
5.262299999999999756e-01
4.918799999999999839e-01
4.645759999999999890e-01
4.404210000000000069e-01
4.168839999999999768e-01
1.000007000000000090e+00
9.993480000000000141e-01
9.936719999999999997e-01
9.998930000000000318e-01
9.953560000000000185e-01
9.640950000000000353e-01
9.815549999999999553e-01
9.069150000000000267e-01
7.715760000000000396e-01
5.670819999999999750e-01
5.112579999999999902e-01
6.368279999999999497e-01
5.479039999999999466e-01
4.996439999999999770e-01
4.635179999999999856e-01
4.322460000000000191e-01
4.087180000000000257e-01
3.897200000000000109e-01
3.704520000000000035e-01
3.529269999999999907e-01
9.983309999999999684e-01
9.912189999999999612e-01
9.923840000000000439e-01
1.000018000000000074e+00
1.000000999999999918e+00
7.189309999999999867e-01
6.951230000000000464e-01
6.953080000000000371e-01
8.464669999999999694e-01
5.381380000000000052e-01
5.112830000000000430e-01
4.703160000000000118e-01
4.314560000000000062e-01
4.006719999999999726e-01
3.755459999999999909e-01
3.551179999999999892e-01
3.371629999999999905e-01
3.219569999999999932e-01
3.074100000000000166e-01
2.938749999999999973e-01
9.919139999999999624e-01
1.000007000000000090e+00
1.000000000000000000e+00
8.464810000000000390e-01
8.502210000000000045e-01
9.308619999999999672e-01
7.051469999999999683e-01
4.258629999999999916e-01
4.480230000000000046e-01
4.327159999999999895e-01
3.940670000000000006e-01
3.627580000000000249e-01
3.369030000000000080e-01
3.191990000000000105e-01
3.014049999999999785e-01
2.855530000000000013e-01
2.737450000000000161e-01
2.623759999999999981e-01
2.517550000000000066e-01
2.409209999999999963e-01
9.503599999999999826e-01
9.659630000000000161e-01
1.000002999999999975e+00
8.498449999999999616e-01
4.386099999999999999e-01
3.384190000000000254e-01
4.335240000000000204e-01
3.587899999999999978e-01
3.492759999999999754e-01
3.132240000000000024e-01
2.939470000000000138e-01
2.758169999999999789e-01
2.632970000000000033e-01
2.503909999999999747e-01
2.384439999999999893e-01
2.280379999999999907e-01
2.209760000000000058e-01
2.144429999999999947e-01
2.068010000000000126e-01
1.982019999999999893e-01
2.423289999999999889e-01
3.502689999999999970e-01
6.803609999999999935e-01
3.443140000000000089e-01
2.919700000000000073e-01
3.122719999999999940e-01
2.815799999999999970e-01
2.667530000000000179e-01
2.541470000000000118e-01
2.405650000000000011e-01
2.264629999999999976e-01
2.153559999999999919e-01
2.078889999999999905e-01
1.989430000000000087e-01
1.886819999999999886e-01
1.781099999999999905e-01
1.679930000000000034e-01
1.586599999999999955e-01
1.501339999999999897e-01
1.426389999999999880e-01
-1.599999999999999928e-05
3.067969999999999864e-01
2.987400000000000055e-01
2.504509999999999792e-01
2.510930000000000106e-01
2.437960000000000127e-01
2.265709999999999946e-01
2.129489999999999994e-01
2.018220000000000014e-01
1.923360000000000070e-01
1.838319999999999954e-01
1.755460000000000076e-01
1.676719999999999877e-01
1.602139999999999953e-01
1.533410000000000051e-01
1.471840000000000093e-01
1.416479999999999961e-01
1.366549999999999987e-01
1.321050000000000002e-01
1.279099999999999959e-01
