1.000000000000000000e+00
1.000000000000000000e+00
1.000000000000000000e+00
1.000000000000000000e+00
1.000000000000000000e+00
1.000000000000000000e+00
1.000000000000000000e+00
1.000000000000000000e+00
9.988850000000000229e-01
9.967260000000000009e-01
9.954990000000000228e-01
9.896810000000000329e-01
9.800630000000000175e-01
9.718350000000000044e-01
9.562150000000000372e-01
9.318030000000000479e-01
9.039920000000000178e-01
8.712440000000000184e-01
8.395089999999999497e-01
8.043500000000000094e-01
7.677190000000000403e-01
7.378449999999999731e-01
7.015590000000000437e-01
6.604649999999999688e-01
6.146939999999999626e-01
5.697670000000000234e-01
5.215809999999999613e-01
4.745800000000000018e-01
4.378529999999999922e-01
3.986239999999999783e-01
3.544689999999999785e-01
3.091039999999999899e-01
2.682760000000000145e-01
2.324730000000000130e-01
2.097239999999999938e-01
1.897969999999999935e-01
1.706239999999999979e-01
1.504119999999999902e-01
1.320989999999999942e-01
1.182610000000000050e-01
1.070340000000000041e-01
9.711100000000000287e-02
8.757099999999999607e-02
7.866299999999999681e-02
7.209599999999999342e-02
6.469099999999999850e-02
5.716199999999999753e-02
5.179799999999999682e-02
4.919699999999999768e-02
4.833599999999999702e-02
