5.000000000000000000e+00
5.000000000000000000e+00
5.000000000000000000e+00
5.000000000000000000e+00
1.670069999999999943e+00
5.000000000000000000e+00
5.000000000000000000e+00
5.000000000000000000e+00
1.813191999999999915e+00
8.972539999999999960e-01
5.000000000000000000e+00
5.000000000000000000e+00
5.000000000000000000e+00
8.817840000000000122e-01
5.907839999999999758e-01
5.000000000000000000e+00
5.000000000000000000e+00
1.729103000000000057e+00
5.905789999999999651e-01
4.837489999999999846e-01
5.000000000000000000e+00
5.000000000000000000e+00
5.811520000000000019e-01
4.836039999999999783e-01
3.509079999999999977e-01
