0.000000000000000000e+00 0.000000000000000000e+00 0.000000000000000000e+00 5.749816850733886590e-03 2.063947744646002155e-02 0.000000000000000000e+00 0.000000000000000000e+00 0.000000000000000000e+00 0.000000000000000000e+00 0.000000000000000000e+00
2.163255119257726733e+00 0.000000000000000000e+00 1.704187781819574699e-01 7.238538155371074256e-02 1.428314024892270440e-01 1.618820446733337526e-01 0.000000000000000000e+00 0.000000000000000000e+00 0.000000000000000000e+00 0.000000000000000000e+00
2.853351779686405187e+00 1.873243609783594721e+00 0.000000000000000000e+00 1.839533895269405278e-02 3.990117185441233866e-02 5.711896920202947509e-02 0.000000000000000000e+00 0.000000000000000000e+00 0.000000000000000000e+00 0.000000000000000000e+00
1.178668063422209755e+00 1.817969660926008091e+00 1.512212532799411591e+00 0.000000000000000000e+00 9.374990648796796555e-02 1.513613136397210790e-01 0.000000000000000000e+00 0.000000000000000000e+00 0.000000000000000000e+00 0.000000000000000000e+00
6.515200363208714651e-02 4.846516801860561441e-01 2.156754611145320411e+00 2.765649683259666425e+00 0.000000000000000000e+00 9.598551881623454407e-02 0.000000000000000000e+00 0.000000000000000000e+00 0.000000000000000000e+00 0.000000000000000000e+00
5.594880717911322743e-02 9.408227431177106082e-02 1.099691005626285542e-03 7.391759064543804714e-01 4.271073224453562744e+00 0.000000000000000000e+00 0.000000000000000000e+00 0.000000000000000000e+00 0.000000000000000000e+00 0.000000000000000000e+00
4.938246757371743401e-02 1.014259068174481193e-01 1.526691966860497639e-03 1.526069386862300148e-01 0.000000000000000000e+00 3.695034720203339784e+00 0.000000000000000000e+00 0.000000000000000000e+00 0.000000000000000000e+00 0.000000000000000000e+00
0.000000000000000000e+00 0.000000000000000000e+00 0.000000000000000000e+00 0.000000000000000000e+00 0.000000000000000000e+00 0.000000000000000000e+00 2.999981776591956972e+00 0.000000000000000000e+00 0.000000000000000000e+00 0.000000000000000000e+00
0.000000000000000000e+00 0.000000000000000000e+00 0.000000000000000000e+00 0.000000000000000000e+00 0.000000000000000000e+00 0.000000000000000000e+00 0.000000000000000000e+00 1.999987964312050170e+00 0.000000000000000000e+00 0.000000000000000000e+00
0.000000000000000000e+00 0.000000000000000000e+00 0.000000000000000000e+00 0.000000000000000000e+00 0.000000000000000000e+00 0.000000000000000000e+00 0.000000000000000000e+00 0.000000000000000000e+00 9.999940193303838987e-01 0.000000000000000000e+00
