0.000000000000000000e+00 1.000000000000000000e+00
0.000000000000000000e+00 1.000000000000000000e+00
0.000000000000000000e+00 1.000000000000000000e+00
0.000000000000000000e+00 1.000000000000000000e+00
0.000000000000000000e+00 1.000000000000000000e+00
0.000000000000000000e+00 1.000000000000000000e+00
0.000000000000000000e+00 1.000000000000000000e+00
0.000000000000000000e+00 1.000000000000000000e+00
0.000000000000000000e+00 1.000000000000000000e+00
0.000000000000000000e+00 1.000000000000000000e+00
0.000000000000000000e+00 1.000000000000000000e+00
0.000000000000000000e+00 1.000000000000000000e+00
0.000000000000000000e+00 1.000000000000000000e+00
0.000000000000000000e+00 1.000000000000000000e+00
0.000000000000000000e+00 1.000000000000000000e+00
0.000000000000000000e+00 1.000000000000000000e+00
0.000000000000000000e+00 1.000000000000000000e+00
0.000000000000000000e+00 1.000000000000000000e+00
0.000000000000000000e+00 1.000000000000000000e+00
0.000000000000000000e+00 1.000000000000000000e+00
0.000000000000000000e+00 1.000000000000000000e+00
0.000000000000000000e+00 1.000000000000000000e+00
0.000000000000000000e+00 1.000000000000000000e+00
8.997490000000000210e-01 9.991339999999999666e-01
0.000000000000000000e+00 1.000000000000000000e+00
0.000000000000000000e+00 1.000000000000000000e+00
0.000000000000000000e+00 1.000000000000000000e+00
0.000000000000000000e+00 1.000000000000000000e+00
0.000000000000000000e+00 1.000000000000000000e+00
0.000000000000000000e+00 1.000000000000000000e+00
1.038005999999999984e+00 9.977249999999999730e-01
1.835458000000000034e+00 8.820839999999999792e-01
0.000000000000000000e+00 1.000000000000000000e+00
0.000000000000000000e+00 1.000000000000000000e+00
0.000000000000000000e+00 1.000000000000000000e+00
0.000000000000000000e+00 1.000000000000000000e+00
0.000000000000000000e+00 1.000000000000000000e+00
1.015703000000000022e+00 9.714800000000000102e-01
1.366773999999999933e+00 7.680510000000000392e-01
1.512701000000000073e+00 4.145289999999999808e-01
0.000000000000000000e+00 1.000000000000000000e+00
0.000000000000000000e+00 1.000000000000000000e+00
0.000000000000000000e+00 1.000000000000000000e+00
0.000000000000000000e+00 1.000000000000000000e+00
8.042540000000000244e-01 7.990300000000000180e-01
1.165686000000000000e+00 4.161940000000000084e-01
1.272882000000000069e+00 2.679119999999999835e-01
1.138376000000000055e+00 2.245139999999999914e-01
0.000000000000000000e+00 1.000000000000000000e+00
0.000000000000000000e+00 1.000000000000000000e+00
0.000000000000000000e+00 1.000000000000000000e+00
1.165214999999999890e+00 3.472149999999999959e-01
1.284867999999999899e+00 1.405559999999999865e-01
1.076546999999999921e+00 1.360919999999999908e-01
9.358790000000000164e-01 1.254629999999999912e-01
8.486299999999999955e-01 1.192549999999999999e-01
0.000000000000000000e+00 1.000000000000000000e+00
1.044330999999999898e+00 5.701500000000000457e-01
1.323269000000000029e+00 -6.999999999999999895e-06
1.061588999999999894e+00 6.878999999999999698e-03
9.338159999999999794e-01 1.225099999999999974e-02
7.544530000000000403e-01 3.302999999999999946e-03
6.414570000000000549e-01 5.169999999999999899e-04
5.791199999999999681e-01 9.999999999999999547e-07
