2.983999999999999986e-01 1.000000000000000000e+00
1.003300000000000081e+00 1.000000000000000000e+00
2.017999999999999794e+00 1.000099999999999989e+00
3.033799999999999830e+00 1.000099999999999989e+00
3.979699999999999793e+00 1.000000000000000000e+00
4.981799999999999784e+00 1.000000000000000000e+00
6.002100000000000435e+00 1.000000000000000000e+00
7.021600000000000286e+00 1.000000000000000000e+00
7.959299999999999820e+00 1.000000000000000000e+00
8.958099999999999952e+00 1.000000000000000000e+00
9.977999999999999758e+00 1.000000000000000000e+00
1.096049999999999969e+01 1.000000000000000000e+00
1.193839999999999968e+01 1.000000000000000000e+00
1.292980000000000018e+01 1.000000000000000000e+00
1.376640000000000086e+01 3.667000000000000259e-01
1.500000000000000000e+01 5.789999999999999591e-01
