1.389899999999999913e+00 1.000299999999999967e+00
1.080500000000000016e+00 1.000199999999999978e+00
8.973999999999999755e-01 1.000199999999999978e+00
7.762000000000000011e-01 1.000099999999999989e+00
6.952000000000000401e-01 1.000000000000000000e+00
1.409399999999999986e+00 1.000199999999999978e+00
1.084500000000000020e+00 1.000199999999999978e+00
8.981000000000000094e-01 1.000099999999999989e+00
7.774999999999999689e-01 1.000000000000000000e+00
7.156000000000000139e-01 9.978000000000000203e-01
1.445599999999999996e+00 1.000299999999999967e+00
1.108500000000000041e+00 1.000099999999999989e+00
9.133000000000000007e-01 1.000000000000000000e+00
8.128999999999999559e-01 9.990999999999999881e-01
8.286000000000000032e-01 8.701999999999999735e-01
1.508099999999999996e+00 1.000099999999999989e+00
1.144900000000000029e+00 9.999000000000000110e-01
9.314000000000000057e-01 9.363000000000000211e-01
8.809000000000000163e-01 6.663000000000000034e-01
7.734999999999999654e-01 3.620999999999999774e-01
1.586999999999999966e+00 9.949999999999999956e-01
1.194399999999999906e+00 6.477000000000000535e-01
8.660999999999999810e-01 4.250000000000000305e-02
6.834000000000000075e-01 3.500000000000000073e-03
5.789999999999999591e-01 1.000000000000000048e-04
