0.000000000000000000e+00 1.000000000000000000e+00
0.000000000000000000e+00 1.000000000000000000e+00
0.000000000000000000e+00 1.000000000000000000e+00
0.000000000000000000e+00 1.000000000000000000e+00
0.000000000000000000e+00 1.000000000000000000e+00
0.000000000000000000e+00 1.000000000000000000e+00
0.000000000000000000e+00 1.000000000000000000e+00
0.000000000000000000e+00 1.000000000000000000e+00
0.000000000000000000e+00 1.000000000000000000e+00
0.000000000000000000e+00 1.000000000000000000e+00
0.000000000000000000e+00 1.000000000000000000e+00
0.000000000000000000e+00 1.000000000000000000e+00
0.000000000000000000e+00 1.000000000000000000e+00
0.000000000000000000e+00 1.000000000000000000e+00
3.862991000000000064e+00 7.592170000000000307e-01
0.000000000000000000e+00 1.000000000000000000e+00
0.000000000000000000e+00 1.000000000000000000e+00
0.000000000000000000e+00 1.000000000000000000e+00
1.524577000000000071e+00 1.222649999999999987e-01
1.169925000000000104e+00 2.229190000000000060e-01
0.000000000000000000e+00 1.000000000000000000e+00
1.782948999999999895e+00 1.057999999999999913e-03
1.495541999999999927e+00 2.880000000000000073e-04
8.214799999999999880e-01 3.350000000000000113e-04
5.791199999999999681e-01 9.999999999999999547e-07
