0.000000000000000000e+00 1.000000000000000000e+00
0.000000000000000000e+00 1.000000000000000000e+00
0.000000000000000000e+00 1.000000000000000000e+00
0.000000000000000000e+00 1.000000000000000000e+00
0.000000000000000000e+00 1.000000000000000000e+00
0.000000000000000000e+00 1.000000000000000000e+00
0.000000000000000000e+00 1.000000000000000000e+00
0.000000000000000000e+00 1.000000000000000000e+00
0.000000000000000000e+00 1.000000000000000000e+00
0.000000000000000000e+00 1.000000000000000000e+00
0.000000000000000000e+00 1.000000000000000000e+00
0.000000000000000000e+00 1.000000000000000000e+00
0.000000000000000000e+00 1.000000000000000000e+00
0.000000000000000000e+00 1.000000000000000000e+00
0.000000000000000000e+00 1.000000000000000000e+00
0.000000000000000000e+00 1.000000000000000000e+00
0.000000000000000000e+00 1.000000000000000000e+00
0.000000000000000000e+00 1.000000000000000000e+00
0.000000000000000000e+00 1.000000000000000000e+00
0.000000000000000000e+00 1.000000000000000000e+00
0.000000000000000000e+00 1.000000000000000000e+00
0.000000000000000000e+00 1.000000000000000000e+00
0.000000000000000000e+00 1.000000000000000000e+00
0.000000000000000000e+00 1.000000000000000000e+00
0.000000000000000000e+00 1.000000000000000000e+00
0.000000000000000000e+00 1.000000000000000000e+00
0.000000000000000000e+00 1.000000000000000000e+00
0.000000000000000000e+00 1.000000000000000000e+00
0.000000000000000000e+00 1.000000000000000000e+00
0.000000000000000000e+00 1.000000000000000000e+00
0.000000000000000000e+00 1.000000000000000000e+00
0.000000000000000000e+00 1.000000000000000000e+00
0.000000000000000000e+00 1.000000000000000000e+00
0.000000000000000000e+00 1.000000000000000000e+00
0.000000000000000000e+00 1.000000000000000000e+00
0.000000000000000000e+00 1.000000000000000000e+00
0.000000000000000000e+00 1.000000000000000000e+00
0.000000000000000000e+00 1.000000000000000000e+00
0.000000000000000000e+00 1.000000000000000000e+00
0.000000000000000000e+00 1.000000000000000000e+00
0.000000000000000000e+00 1.000000000000000000e+00
0.000000000000000000e+00 1.000000000000000000e+00
0.000000000000000000e+00 1.000000000000000000e+00
9.965549999999999686e-01 1.000000000000000000e+00
0.000000000000000000e+00 1.000000000000000000e+00
0.000000000000000000e+00 1.000000000000000000e+00
0.000000000000000000e+00 1.000000000000000000e+00
0.000000000000000000e+00 1.000000000000000000e+00
0.000000000000000000e+00 1.000000000000000000e+00
0.000000000000000000e+00 1.000000000000000000e+00
0.000000000000000000e+00 1.000000000000000000e+00
0.000000000000000000e+00 1.000000000000000000e+00
8.190969999999999640e-01 1.000000000000000000e+00
1.261322000000000054e+00 9.974039999999999573e-01
3.423833000000000126e+00 9.374789999999999512e-01
0.000000000000000000e+00 1.000000000000000000e+00
0.000000000000000000e+00 1.000000000000000000e+00
0.000000000000000000e+00 1.000000000000000000e+00
0.000000000000000000e+00 1.000000000000000000e+00
0.000000000000000000e+00 1.000000000000000000e+00
0.000000000000000000e+00 1.000000000000000000e+00
0.000000000000000000e+00 1.000000000000000000e+00
8.927599999999999980e-01 1.000000000000000000e+00
1.403191000000000077e+00 9.949390000000000178e-01
1.932854000000000072e+00 9.321890000000000454e-01
2.540899000000000019e+00 7.995830000000000437e-01
0.000000000000000000e+00 1.000000000000000000e+00
0.000000000000000000e+00 1.000000000000000000e+00
0.000000000000000000e+00 1.000000000000000000e+00
0.000000000000000000e+00 1.000000000000000000e+00
0.000000000000000000e+00 1.000000000000000000e+00
0.000000000000000000e+00 1.000000000000000000e+00
8.306729999999999947e-01 1.000000999999999918e+00
1.200185000000000057e+00 9.729710000000000303e-01
7.951460000000000194e-01 8.998639999999999972e-01
9.770699999999999941e-01 8.574450000000000127e-01
1.669890000000000096e+00 3.364929999999999866e-01
0.000000000000000000e+00 1.000000000000000000e+00
0.000000000000000000e+00 1.000000000000000000e+00
0.000000000000000000e+00 1.000000000000000000e+00
0.000000000000000000e+00 1.000000000000000000e+00
0.000000000000000000e+00 1.000000000000000000e+00
7.297120000000000273e-01 9.916059999999999874e-01
7.300780000000000047e-01 9.392460000000000253e-01
6.532980000000000453e-01 8.574230000000000462e-01
1.259832999999999981e+00 3.721119999999999983e-01
1.383455000000000101e+00 2.698559999999999848e-01
1.287822000000000022e+00 2.395279999999999909e-01
0.000000000000000000e+00 1.000000000000000000e+00
0.000000000000000000e+00 1.000000000000000000e+00
0.000000000000000000e+00 1.000000000000000000e+00
0.000000000000000000e+00 1.000000000000000000e+00
5.896080000000000210e-01 9.731410000000000338e-01
5.579340000000000410e-01 8.555160000000000542e-01
1.361024999999999929e+00 2.560700000000000198e-01
1.387081999999999926e+00 1.946579999999999977e-01
1.258909000000000056e+00 1.972689999999999999e-01
1.118557000000000023e+00 1.768500000000000072e-01
1.026626000000000039e+00 1.663689999999999891e-01
0.000000000000000000e+00 1.000000000000000000e+00
0.000000000000000000e+00 1.000000000000000000e+00
0.000000000000000000e+00 1.000000000000000000e+00
4.754780000000000117e-01 1.000000000000000000e+00
1.887787000000000104e+00 -9.000000000000000228e-06
1.500898999999999983e+00 4.045800000000000091e-02
1.272837999999999914e+00 7.516499999999999571e-02
1.159637999999999947e+00 8.664900000000000380e-02
9.720480000000000231e-01 8.907900000000000540e-02
8.395899999999999475e-01 9.538399999999999657e-02
7.800470000000000459e-01 9.426700000000000357e-02
1.480256999999999934e+00 1.000000000000000000e+00
0.000000000000000000e+00 1.000000000000000000e+00
1.455723000000000100e+00 -9.000000000000000228e-06
1.237498999999999905e+00 -3.000000000000000076e-06
1.070621000000000045e+00 4.670000000000000214e-04
1.014424999999999910e+00 4.429999999999999802e-04
9.338959999999999484e-01 3.229999999999999907e-04
8.394979999999999665e-01 8.200000000000000095e-05
7.305350000000000454e-01 3.139999999999999888e-04
6.280790000000000539e-01 1.060000000000000016e-04
5.791199999999999681e-01 9.999999999999999547e-07
