0.000000000000000000e+00 0.000000000000000000e+00 6.480000000000000300e-04 7.240000000000000342e-04 0.000000000000000000e+00 7.240000000000000342e-04 4.499999999999999877e-04 7.240000000000000342e-04 6.939999999999999555e-04 4.690000000000000158e-04 7.240000000000000342e-04 0.000000000000000000e+00 4.690000000000000158e-04 0.000000000000000000e+00 0.000000000000000000e+00 0.000000000000000000e+00
7.433750000000000080e-01 0.000000000000000000e+00 5.411000000000000011e-03 1.726499999999999910e-02 0.000000000000000000e+00 1.789400000000000018e-02 8.199099999999999444e-02 7.240000000000000342e-04 1.679299999999999890e-02 3.623599999999999738e-02 2.670399999999999857e-02 0.000000000000000000e+00 6.547300000000000342e-02 0.000000000000000000e+00 0.000000000000000000e+00 0.000000000000000000e+00
2.012736999999999998e+00 1.526278000000000024e+00 0.000000000000000000e+00 9.769999999999999171e-03 5.164450000000000429e-01 2.054010000000000002e-01 1.096260000000000012e-01 2.959999999999999849e-04 1.454840000000000022e-01 4.433900000000000341e-02 2.726599999999999857e-02 0.000000000000000000e+00 6.039699999999999930e-02 0.000000000000000000e+00 0.000000000000000000e+00 0.000000000000000000e+00
1.372187000000000046e+00 1.391895000000000104e+00 8.173489999999999922e-01 0.000000000000000000e+00 7.444690000000000474e-01 1.433020000000000127e-01 5.624799999999999939e-02 8.299999999999999815e-05 5.004900000000000321e-02 4.657800000000000135e-02 2.216999999999999874e-02 0.000000000000000000e+00 4.155299999999999966e-02 0.000000000000000000e+00 0.000000000000000000e+00 0.000000000000000000e+00
1.739028000000000018e+00 1.226223000000000063e+00 5.946099999999999997e-02 6.812899999999999512e-02 0.000000000000000000e+00 7.229399999999999715e-02 1.587949999999999917e-01 1.845799999999999871e-02 7.620200000000000584e-02 9.512400000000000022e-02 6.879300000000000692e-02 0.000000000000000000e+00 1.264619999999999911e-01 0.000000000000000000e+00 0.000000000000000000e+00 0.000000000000000000e+00
1.388066000000000022e+00 1.286623999999999990e+00 5.624080000000000190e-01 3.498999999999999940e-03 7.500820000000000265e-01 0.000000000000000000e+00 1.074019999999999975e-01 3.719999999999999891e-04 7.229599999999999915e-02 5.426700000000000274e-02 2.673599999999999935e-02 0.000000000000000000e+00 5.067800000000000082e-02 0.000000000000000000e+00 0.000000000000000000e+00 0.000000000000000000e+00
7.440599999999999992e-02 2.764710000000000223e-01 1.041099999999999914e+00 9.558339999999999614e-01 9.002780000000000227e-01 7.990880000000000205e-01 0.000000000000000000e+00 2.739999999999999923e-04 3.367820000000000258e-01 3.416299999999999892e-02 1.753100000000000144e-02 0.000000000000000000e+00 2.418899999999999870e-02 0.000000000000000000e+00 0.000000000000000000e+00 0.000000000000000000e+00
5.385000000000000203e-02 6.335100000000000453e-02 1.987750000000000072e-01 8.285799999999999832e-01 4.256299999999999667e-02 2.715560000000000196e-01 1.343218999999999941e+00 0.000000000000000000e+00 4.456570000000000253e-01 1.220992999999999995e+00 6.352959999999999718e-01 0.000000000000000000e+00 3.052900000000000058e-01 0.000000000000000000e+00 0.000000000000000000e+00 0.000000000000000000e+00
9.743200000000000471e-02 1.933650000000000091e-01 5.183659999999999934e-01 6.919779999999999820e-01 7.947579999999999645e-01 7.967389999999999750e-01 5.824800000000000116e-02 2.919999999999999961e-04 0.000000000000000000e+00 3.194700000000000317e-02 2.013500000000000012e-02 0.000000000000000000e+00 5.204500000000000098e-02 0.000000000000000000e+00 0.000000000000000000e+00 0.000000000000000000e+00
7.121500000000000052e-02 1.524400000000000061e-02 2.395609999999999962e-01 8.985600000000000254e-01 0.000000000000000000e+00 7.719430000000000458e-01 1.395253999999999994e+00 2.550000000000000183e-04 1.041123999999999938e+00 0.000000000000000000e+00 1.660700000000000023e-02 0.000000000000000000e+00 3.755999999999999790e-03 0.000000000000000000e+00 0.000000000000000000e+00 0.000000000000000000e+00
3.438900000000000290e-02 4.156200000000000172e-02 2.399499999999999897e-02 2.259900000000000103e-02 2.975300000000000167e-02 2.564200000000000160e-02 9.858000000000000443e-03 2.398099000000000203e+00 1.273700000000000006e-02 2.665790000000000104e-01 0.000000000000000000e+00 0.000000000000000000e+00 7.234869999999999912e-01 0.000000000000000000e+00 0.000000000000000000e+00 0.000000000000000000e+00
0.000000000000000000e+00 1.263999999999999933e-03 0.000000000000000000e+00 5.419000000000000206e-03 1.780400000000000038e-02 3.318999999999999902e-03 0.000000000000000000e+00 3.305540000000000145e-01 0.000000000000000000e+00 0.000000000000000000e+00 7.456110000000000237e-01 0.000000000000000000e+00 0.000000000000000000e+00 4.550919999999999965e-01 0.000000000000000000e+00 0.000000000000000000e+00
7.191200000000000370e-02 2.775800000000000142e-02 1.643650000000000111e-01 1.434690000000000132e-01 0.000000000000000000e+00 1.705699999999999994e-01 1.339770000000000127e-01 4.581239999999999757e-01 2.413099999999999967e-02 1.622343000000000091e+00 6.514899999999999858e-02 0.000000000000000000e+00 0.000000000000000000e+00 0.000000000000000000e+00 0.000000000000000000e+00 0.000000000000000000e+00
4.656400000000000122e-02 6.612999999999999434e-02 2.660200000000000065e-02 4.006599999999999745e-02 6.103900000000000298e-02 2.396500000000000019e-02 5.045000000000000005e-03 1.200882000000000005e+00 3.335799999999999876e-02 4.850000000000000253e-04 9.159869999999999957e-01 5.829469999999999930e-01 4.280010000000000203e-01 0.000000000000000000e+00 0.000000000000000000e+00 0.000000000000000000e+00
0.000000000000000000e+00 0.000000000000000000e+00 0.000000000000000000e+00 0.000000000000000000e+00 0.000000000000000000e+00 0.000000000000000000e+00 0.000000000000000000e+00 0.000000000000000000e+00 0.000000000000000000e+00 0.000000000000000000e+00 0.000000000000000000e+00 1.928000000000000026e-03 0.000000000000000000e+00 1.997748999999999997e+00 0.000000000000000000e+00 0.000000000000000000e+00
0.000000000000000000e+00 0.000000000000000000e+00 0.000000000000000000e+00 0.000000000000000000e+00 0.000000000000000000e+00 0.000000000000000000e+00 0.000000000000000000e+00 0.000000000000000000e+00 0.000000000000000000e+00 0.000000000000000000e+00 0.000000000000000000e+00 0.000000000000000000e+00 0.000000000000000000e+00 0.000000000000000000e+00 9.998120000000000340e-01 0.000000000000000000e+00
