0.000000000000000000e+00 0.000000000000000000e+00 1.180684622163278566e-03 2.030684622163309635e-03 0.000000000000000000e+00 1.242604622163298112e-03 1.971740462216328357e-02 2.360427873449910067e-03 2.276684622163335347e-03 1.175644622163310449e-03 1.547138941191140982e-02 0.000000000000000000e+00 1.287246633498835037e-02 0.000000000000000000e+00 0.000000000000000000e+00 0.000000000000000000e+00
6.789549999999999752e-01 0.000000000000000000e+00 9.496684622163277523e-03 2.447068462216330301e-02 0.000000000000000000e+00 2.307760462216328773e-02 8.030940462216330789e-02 2.360427873449910067e-03 1.836668462216334632e-02 1.657764462216331641e-02 2.186038941191143295e-02 0.000000000000000000e+00 5.258346633498837269e-02 0.000000000000000000e+00 0.000000000000000000e+00 0.000000000000000000e+00
1.946881315377836152e+00 1.522549315377836221e+00 0.000000000000000000e+00 1.270000000000003244e-02 5.468883153778369977e-01 2.063759200000001015e-01 1.047137199999999824e-01 1.179743251286630417e-03 1.434900000000000897e-01 2.368896000000002972e-02 1.921870478974813459e-02 0.000000000000000000e+00 4.542678171282511085e-02 0.000000000000000000e+00 0.000000000000000000e+00 0.000000000000000000e+00
1.313868315377836771e+00 1.387154315377836733e+00 8.150820000000000842e-01 0.000000000000000000e+00 7.713163153778366254e-01 1.415839199999999187e-01 5.221771999999994668e-02 1.184743251286599205e-03 4.761200000000004318e-02 3.479796000000001666e-02 1.511370478974810583e-02 0.000000000000000000e+00 3.158878171282505226e-02 0.000000000000000000e+00 0.000000000000000000e+00 0.000000000000000000e+00
1.640198000000000045e+00 1.191459000000000046e+00 2.872068462216329290e-02 4.047568462216328405e-02 0.000000000000000000e+00 4.262860462216327279e-02 1.224234046221632927e-01 1.167642787344990926e-02 4.303968462216335028e-02 4.115264462216331603e-02 2.926238941191143181e-02 0.000000000000000000e+00 7.907346633498836541e-02 0.000000000000000000e+00 0.000000000000000000e+00 0.000000000000000000e+00
1.322810395377836512e+00 1.282209395377836625e+00 5.615080800000000760e-01 5.414080000000013812e-03 7.794383953778362129e-01 0.000000000000000000e+00 1.020787999999999557e-01 1.117823251286611305e-03 6.971208000000003735e-02 3.451403999999998889e-02 1.828878478974811997e-02 0.000000000000000000e+00 3.596586171282508543e-02 0.000000000000000000e+00 0.000000000000000000e+00 0.000000000000000000e+00
2.365759537783671679e-02 2.747795953778366940e-01 1.041176279999999954e+00 9.577982800000001129e-01 9.287865953778366990e-01 7.994681999999997402e-01 0.000000000000000000e+00 6.930232512866357818e-04 3.377142800000001444e-01 3.083324000000002910e-02 1.455498478974814359e-02 0.000000000000000000e+00 2.052606171282506803e-02 0.000000000000000000e+00 0.000000000000000000e+00 0.000000000000000000e+00
3.397857212655010228e-02 5.096857212655010738e-02 1.823622567487134249e-01 8.110272567487134543e-01 4.797057212655010672e-02 2.535111767487133738e-01 1.341842976748713889e+00 0.000000000000000000e+00 4.385362567487133267e-01 1.253763216748713161e+00 6.315599615384616117e-01 0.000000000000000000e+00 3.196830384615384490e-01 0.000000000000000000e+00 0.000000000000000000e+00 0.000000000000000000e+00
3.591731537783664913e-02 1.914373153778367309e-01 5.197419999999999263e-01 6.960510000000000863e-01 8.262083153778370104e-01 7.989379199999999681e-01 5.567571999999996329e-02 1.184743251286574052e-03 0.000000000000000000e+00 1.624395999999999132e-02 1.444970478974808015e-02 0.000000000000000000e+00 4.074678171282503092e-02 0.000000000000000000e+00 0.000000000000000000e+00 0.000000000000000000e+00
2.290735537783668285e-02 1.179935537783669344e-02 2.372110399999999286e-01 8.977340400000000109e-01 6.174355377836685844e-03 7.696619599999998673e-01 1.394404760000000021e+00 1.184783251286597883e-03 1.040609039999999874e+00 0.000000000000000000e+00 1.282474478974810622e-02 0.000000000000000000e+00 1.184821712825045482e-03 0.000000000000000000e+00 0.000000000000000000e+00 0.000000000000000000e+00
2.824261058808856875e-02 2.991661058808857063e-02 6.343295210251867662e-03 2.751295210251896144e-03 3.193561058808859487e-02 5.678215210251885692e-03 1.206501521025185597e-02 2.392842038461538312e+00 1.415295210251920482e-03 3.153982552102519987e-01 0.000000000000000000e+00 0.000000000000000000e+00 7.478810769230769262e-01 0.000000000000000000e+00 0.000000000000000000e+00 0.000000000000000000e+00
0.000000000000000000e+00 0.000000000000000000e+00 0.000000000000000000e+00 0.000000000000000000e+00 0.000000000000000000e+00 0.000000000000000000e+00 0.000000000000000000e+00 2.758894981990273609e-01 0.000000000000000000e+00 0.000000000000000000e+00 8.002254597374889311e-01 0.000000000000000000e+00 1.074353666056575285e-02 4.584610080403511700e-01 0.000000000000000000e+00 0.000000000000000000e+00
2.685353366501164185e-02 2.423453366501164205e-02 1.613802182871749147e-01 1.417072182871749741e-01 1.044853366501164935e-02 1.674591382871748468e-01 1.337549382871749959e-01 4.810129615384615698e-01 2.378821828717498851e-02 1.626378178287175125e+00 6.202592307692304796e-02 0.000000000000000000e+00 0.000000000000000000e+00 0.000000000000000000e+00 0.000000000000000000e+00 0.000000000000000000e+00
5.140800000000000231e-02 5.596399999999999986e-02 8.912684622163276338e-03 1.936268462216330158e-02 6.176399999999999946e-02 3.435604622163298399e-03 1.078740462216327099e-02 1.192522427873449420e+00 3.003768462216334367e-02 1.175644622163310449e-03 9.196183894119115410e-01 5.785282443016922516e-01 4.607724663349881955e-01 0.000000000000000000e+00 0.000000000000000000e+00 0.000000000000000000e+00
0.000000000000000000e+00 0.000000000000000000e+00 0.000000000000000000e+00 0.000000000000000000e+00 0.000000000000000000e+00 0.000000000000000000e+00 0.000000000000000000e+00 0.000000000000000000e+00 0.000000000000000000e+00 0.000000000000000000e+00 0.000000000000000000e+00 4.308290667546565977e-03 0.000000000000000000e+00 1.995810100444505464e+00 0.000000000000000000e+00 0.000000000000000000e+00
0.000000000000000000e+00 0.000000000000000000e+00 0.000000000000000000e+00 0.000000000000000000e+00 0.000000000000000000e+00 0.000000000000000000e+00 0.000000000000000000e+00 0.000000000000000000e+00 0.000000000000000000e+00 0.000000000000000000e+00 0.000000000000000000e+00 0.000000000000000000e+00 0.000000000000000000e+00 0.000000000000000000e+00 1.000081146045494140e+00 0.000000000000000000e+00
