-0.000000000000000000e+00 0.000000000000000000e+00
0.000000000000000000e+00 0.000000000000000000e+00
3.899999999999999929e-05 1.099999999999999971e-05
1.859999999999999945e-04 9.399999999999999448e-05
2.780179999999999874e-01 2.776089999999999947e-01
6.441329999999999556e-01 5.269289999999999807e-01
1.014706000000000108e+00 7.002420000000000311e-01
1.365550000000000042e+00 8.222519999999999829e-01
1.694320999999999966e+00 8.934520000000000239e-01
2.000000000000000000e+00 9.165429999999999966e-01
-0.000000000000000000e+00 -0.000000000000000000e+00
1.399999999999999979e-05 1.399999999999999979e-05
8.200000000000000095e-05 7.799999999999999859e-05
2.778109999999999746e-01 2.777310000000000056e-01
5.271930000000000227e-01 5.266359999999999930e-01
8.174339999999999939e-01 7.002389999999999448e-01
1.136746999999999952e+00 8.223329999999999806e-01
1.436752000000000029e+00 9.047070000000000389e-01
1.717413000000000078e+00 9.461249999999999938e-01
2.000000000000000000e+00 9.672889999999999544e-01
1.000000000000000082e-05 4.000000000000000327e-05
8.000000000000000654e-05 8.100000000000000375e-05
2.777109999999999856e-01 2.777109999999999856e-01
5.264410000000000478e-01 5.264419999999999655e-01
7.009889999999999732e-01 6.999530000000000474e-01
9.396579999999999933e-01 8.225329999999999586e-01
1.219046000000000074e+00 9.193459999999999965e-01
1.478167999999999926e+00 9.789189999999999836e-01
1.738575999999999899e+00 1.019050000000000011e+00
2.000000000000000000e+00 1.039198999999999984e+00
9.299999999999999727e-05 1.840000000000000001e-04
2.777350000000000096e-01 2.778140000000000054e-01
5.264389999999999903e-01 5.264389999999999903e-01
6.997649999999999704e-01 6.997679999999999456e-01
8.239330000000000265e-01 8.225529999999999786e-01
1.036378000000000021e+00 9.194459999999999855e-01
1.278628000000000098e+00 1.010699999999999932e+00
1.518302000000000040e+00 1.072578000000000031e+00
1.758718999999999921e+00 1.111966999999999928e+00
2.000000000000000000e+00 1.131251000000000007e+00
2.776040000000000174e-01 2.780190000000000161e-01
5.266389999999999683e-01 5.271949999999999692e-01
6.999530000000000474e-01 7.009849999999999692e-01
8.225459999999999994e-01 8.239250000000000185e-01
9.209969999999999546e-01 9.210040000000000449e-01
1.127537000000000011e+00 1.045970000000000066e+00
1.340500999999999943e+00 1.131070000000000020e+00
1.557689000000000101e+00 1.188723999999999892e+00
1.778000999999999943e+00 1.224987999999999966e+00
2.000000000000000000e+00 1.242585000000000051e+00
5.269279999999999520e-01 6.441310000000000091e-01
7.002420000000000311e-01 8.174350000000000227e-01
8.225320000000000409e-01 9.396569999999999645e-01
9.194430000000000103e-01 1.036375000000000046e+00
1.045970000000000066e+00 1.127539000000000069e+00
1.212634999999999907e+00 1.212639000000000022e+00
1.398158000000000012e+00 1.278880000000000017e+00
1.593947999999999920e+00 1.326268000000000002e+00
1.795601000000000003e+00 1.356667000000000067e+00
2.000000000000000000e+00 1.371518999999999933e+00
7.002429999999999488e-01 1.014702999999999911e+00
8.223340000000000094e-01 1.136746999999999952e+00
9.193409999999999638e-01 1.219049999999999967e+00
1.010696999999999957e+00 1.278626000000000040e+00
1.131067999999999962e+00 1.340502000000000082e+00
1.278880000000000017e+00 1.398160000000000069e+00
1.445546999999999915e+00 1.445545000000000080e+00
1.624354000000000076e+00 1.480793999999999944e+00
1.810454000000000008e+00 1.503900999999999932e+00
2.000000000000000000e+00 1.515306000000000042e+00
8.222559999999999869e-01 1.365550000000000042e+00
9.047060000000000102e-01 1.436750999999999889e+00
9.789219999999999589e-01 1.478167000000000009e+00
1.072578000000000031e+00 1.518304000000000098e+00
1.188722999999999974e+00 1.557690999999999937e+00
1.326265999999999945e+00 1.593950999999999896e+00
1.480793000000000026e+00 1.624351000000000100e+00
1.647459999999999924e+00 1.647459999999999924e+00
1.821852000000000027e+00 1.662841999999999931e+00
2.000000000000000000e+00 1.670490999999999948e+00
8.934490000000000487e-01 1.694323000000000023e+00
9.461239999999999650e-01 1.717410000000000103e+00
1.019050000000000011e+00 1.738574000000000064e+00
1.111968999999999985e+00 1.758718999999999921e+00
1.224990000000000023e+00 1.778003999999999918e+00
1.356670000000000043e+00 1.795603000000000060e+00
1.503903999999999908e+00 1.810449999999999893e+00
1.662843999999999989e+00 1.821852999999999945e+00
1.829509999999999970e+00 1.829509000000000052e+00
2.000000000000000000e+00 1.833334000000000019e+00
9.165459999999999718e-01 2.000000000000000000e+00
9.672889999999999544e-01 2.000000000000000000e+00
1.039196999999999926e+00 2.000000000000000000e+00
1.131248999999999949e+00 2.000000000000000000e+00
1.242585999999999968e+00 2.000000000000000000e+00
1.371521999999999908e+00 2.000000000000000000e+00
1.515306000000000042e+00 2.000000000000000000e+00
1.670492000000000088e+00 2.000000000000000000e+00
1.833333000000000101e+00 2.000000000000000000e+00
2.000000000000000000e+00 2.000000000000000000e+00
