1.000000000000000000e+01
1.000000000000000000e+01
1.000000000000000000e+01
1.000000000000000000e+01
1.000000000000000000e+01
1.000000000000000000e+01
1.000000000000000000e+01
1.000000000000000000e+01
1.000000000000000000e+01
1.000000000000000000e+01
1.000000000000000000e+01
1.000000000000000000e+01
1.000000000000000000e+01
1.000000000000000000e+01
1.000000000000000000e+01
1.000000000000000000e+01
1.000000000000000000e+01
1.000000000000000000e+01
1.000000000000000000e+01
1.000000000000000000e+01
1.000000000000000000e+01
1.000000000000000000e+01
1.000000000000000000e+01
1.000000000000000000e+01
1.000000000000000000e+01
1.000000000000000000e+01
1.000000000000000000e+01
1.000000000000000000e+01
1.000000000000000000e+01
1.000000000000000000e+01
1.000000000000000000e+01
5.835093999999999781e+00
4.414405999999999608e+00
3.204790000000000028e+00
2.503556000000000115e+00
2.133639000000000063e+00
1.927508999999999917e+00
1.784497000000000000e+00
1.637086000000000041e+00
1.477322999999999942e+00
1.330862999999999907e+00
1.206816000000000111e+00
1.113423000000000052e+00
1.024850999999999956e+00
9.340249999999999941e-01
8.486129999999999507e-01
7.678779999999999495e-01
6.886470000000000091e-01
6.285699999999999621e-01
5.791260000000000296e-01
