0.000000000000000000e+00 1.000000000000000000e+00
0.000000000000000000e+00 1.000000000000000000e+00
0.000000000000000000e+00 1.000000000000000000e+00
0.000000000000000000e+00 1.000000000000000000e+00
0.000000000000000000e+00 7.620649999999999924e-01
0.000000000000000000e+00 1.000000000000000000e+00
0.000000000000000000e+00 1.000000000000000000e+00
0.000000000000000000e+00 1.000000000000000000e+00
0.000000000000000000e+00 7.620719999999999716e-01
0.000000000000000000e+00 4.071020000000000194e-01
0.000000000000000000e+00 1.000000000000000000e+00
0.000000000000000000e+00 1.000000000000000000e+00
3.076312000000000157e+00 7.488660000000000316e-01
0.000000000000000000e+00 4.070920000000000094e-01
0.000000000000000000e+00 1.492620000000000058e-01
0.000000000000000000e+00 1.000000000000000000e+00
0.000000000000000000e+00 1.000000000000000000e+00
2.188724999999999810e+00 2.883290000000000020e-01
3.372539999999999982e-01 3.992099999999999815e-02
4.706599999999999673e-02 5.292800000000000282e-02
0.000000000000000000e+00 1.000000000000000000e+00
5.668275000000000396e+00 0.000000000000000000e+00
9.172439999999999483e-01 0.000000000000000000e+00
4.230659999999999976e-01 3.989999999999999949e-04
2.500760000000000205e-01 0.000000000000000000e+00
