6.059999999999999849e-04
1.052669999999999995e-01
2.105299999999999949e-01
3.157929999999999904e-01
4.210559999999999858e-01
5.263179999999999525e-01
6.315809999999999480e-01
7.368440000000000545e-01
8.421070000000000499e-01
9.473709999999999631e-01
1.052634000000000070e+00
1.157896999999999954e+00
1.263160000000000061e+00
1.368422999999999945e+00
1.473684999999999912e+00
1.578948000000000018e+00
1.684210999999999903e+00
1.789474000000000009e+00
1.894736999999999894e+00
2.000000000000000000e+00
