0.000000000000000000e+00 1.000000000000000000e+00
0.000000000000000000e+00 1.000000000000000000e+00
0.000000000000000000e+00 1.000000000000000000e+00
0.000000000000000000e+00 1.000000000000000000e+00
0.000000000000000000e+00 1.000000000000000000e+00
0.000000000000000000e+00 1.000000000000000000e+00
0.000000000000000000e+00 1.000000000000000000e+00
0.000000000000000000e+00 1.000000000000000000e+00
0.000000000000000000e+00 1.000000000000000000e+00
0.000000000000000000e+00 1.000000000000000000e+00
0.000000000000000000e+00 1.000000000000000000e+00
8.095700000000000118e-01 1.212980000000000030e-01
0.000000000000000000e+00 1.000000000000000000e+00
1.147470999999999908e+00 -5.000000000000000409e-06
9.535679999999999712e-01 2.543999999999999821e-03
5.791199999999999681e-01 9.999999999999999547e-07
