1.000000000000000000e+00
1.000000000000000000e+00
9.999190000000000023e-01
9.998449999999999838e-01
9.992579999999999796e-01
9.985899999999999777e-01
9.608919999999999684e-01
8.706810000000000382e-01
7.754499999999999726e-01
6.711629999999999541e-01
5.519089999999999829e-01
4.185519999999999796e-01
3.025209999999999844e-01
2.238410000000000122e-01
1.708050000000000124e-01
1.327409999999999979e-01
1.039729999999999960e-01
8.141500000000000126e-02
6.325200000000000267e-02
4.833699999999999802e-02
