1.000000000000000000e+00
1.000000000000000000e+00
1.000000000000000000e+00
1.000000000000000000e+00
1.000000000000000000e+00
1.000000000000000000e+00
1.000000000000000000e+00
9.970609999999999751e-01
9.176950000000000385e-01
7.287989999999999746e-01
1.000000000000000000e+00
1.000000000000000000e+00
1.000000000000000000e+00
1.000000000000000000e+00
1.000000000000000000e+00
1.000000000000000000e+00
9.991640000000000521e-01
9.264099999999999557e-01
7.434009999999999785e-01
5.467220000000000413e-01
1.000000000000000000e+00
1.000000000000000000e+00
1.000000000000000000e+00
1.000000000000000000e+00
1.000000000000000000e+00
1.000000000000000000e+00
9.462760000000000060e-01
7.650679999999999703e-01
5.392730000000000024e-01
3.797159999999999980e-01
1.000000000000000000e+00
1.000000000000000000e+00
1.000000000000000000e+00
1.000000000000000000e+00
1.000000000000000000e+00
9.818869999999999543e-01
7.805309999999999748e-01
5.655900000000000372e-01
3.568919999999999870e-01
2.584890000000000243e-01
1.000000000000000000e+00
1.000000000000000000e+00
1.000000000000000000e+00
1.000000000000000000e+00
9.972499999999999698e-01
8.723910000000000275e-01
5.560519999999999907e-01
2.881469999999999865e-01
2.287349999999999939e-01
1.627490000000000048e-01
1.000000000000000000e+00
1.000000000000000000e+00
1.000000000000000000e+00
1.000000000000000000e+00
9.404979999999999452e-01
5.790170000000000039e-01
2.390180000000000082e-01
1.873710000000000098e-01
1.393379999999999896e-01
1.133949999999999958e-01
1.000000000000000000e+00
1.000000000000000000e+00
1.000000000000000000e+00
9.961989999999999457e-01
6.930359999999999854e-01
1.205159999999999981e-01
1.359809999999999908e-01
1.136090000000000017e-01
9.934099999999999875e-02
8.869100000000000594e-02
1.000000000000000000e+00
1.000000000000000000e+00
1.000000000000000000e+00
8.983640000000000514e-01
9.772000000000000131e-02
1.129850000000000021e-01
9.864499999999999658e-02
8.771700000000000330e-02
7.020400000000000251e-02
5.736399999999999832e-02
1.000000000000000000e+00
1.000000000000000000e+00
9.970459999999999878e-01
0.000000000000000000e+00
8.346099999999999353e-02
8.247899999999999676e-02
7.198200000000000431e-02
5.658599999999999741e-02
4.819500000000000173e-02
4.205799999999999816e-02
1.000000000000000000e+00
1.000000000000000000e+00
8.792659999999999920e-01
0.000000000000000000e+00
5.798500000000000182e-02
6.058899999999999703e-02
5.178699999999999970e-02
4.594600000000000073e-02
4.144199999999999967e-02
3.922300000000000092e-02
