1.000000000000000000e+01
1.000000000000000000e+01
1.000000000000000000e+01
1.000000000000000000e+01
1.000000000000000000e+01
1.000000000000000000e+01
1.000000000000000000e+01
1.000000000000000000e+01
1.000000000000000000e+01
1.000000000000000000e+01
1.000000000000000000e+01
1.000000000000000000e+01
1.000000000000000000e+01
1.000000000000000000e+01
1.000000000000000000e+01
1.000000000000000000e+01
1.000000000000000000e+01
1.000000000000000000e+01
1.000000000000000000e+01
1.000000000000000000e+01
1.000000000000000000e+01
1.000000000000000000e+01
1.000000000000000000e+01
1.604373000000000049e+00
1.325514999999999999e+00
1.215249000000000024e+00
1.217872000000000066e+00
1.148684000000000038e+00
1.106753000000000098e+00
1.017919999999999936e+00
9.314390000000000169e-01
8.718820000000000459e-01
8.214620000000000255e-01
7.734839999999999494e-01
7.305760000000000032e-01
6.994590000000000529e-01
6.688340000000000396e-01
6.360379999999999923e-01
6.106340000000000101e-01
5.849210000000000242e-01
5.599020000000000108e-01
5.359850000000000447e-01
5.145330000000000181e-01
4.985569999999999724e-01
4.796489999999999920e-01
4.576470000000000260e-01
4.371280000000000165e-01
4.234189999999999898e-01
4.176010000000000000e-01
4.167839999999999878e-01
