0.000000000000000000e+00 1.000000000000000000e+00
0.000000000000000000e+00 1.000000000000000000e+00
0.000000000000000000e+00 1.000000000000000000e+00
0.000000000000000000e+00 1.000000000000000000e+00
0.000000000000000000e+00 1.000000000000000000e+00
0.000000000000000000e+00 1.000000000000000000e+00
0.000000000000000000e+00 1.000000000000000000e+00
0.000000000000000000e+00 1.000000000000000000e+00
0.000000000000000000e+00 1.000000000000000000e+00
0.000000000000000000e+00 1.000000000000000000e+00
0.000000000000000000e+00 1.000000000000000000e+00
0.000000000000000000e+00 1.000000000000000000e+00
0.000000000000000000e+00 1.000000000000000000e+00
0.000000000000000000e+00 1.000000000000000000e+00
0.000000000000000000e+00 1.000000000000000000e+00
0.000000000000000000e+00 1.000000000000000000e+00
0.000000000000000000e+00 1.000000000000000000e+00
0.000000000000000000e+00 1.000000000000000000e+00
0.000000000000000000e+00 1.000000000000000000e+00
0.000000000000000000e+00 1.000000000000000000e+00
0.000000000000000000e+00 1.000000000000000000e+00
0.000000000000000000e+00 1.000000000000000000e+00
0.000000000000000000e+00 1.000000000000000000e+00
0.000000000000000000e+00 1.000000000000000000e+00
0.000000000000000000e+00 1.000000000000000000e+00
0.000000000000000000e+00 1.000000000000000000e+00
0.000000000000000000e+00 1.000000000000000000e+00
0.000000000000000000e+00 1.000000000000000000e+00
0.000000000000000000e+00 1.000000000000000000e+00
0.000000000000000000e+00 1.000000000000000000e+00
0.000000000000000000e+00 1.000000000000000000e+00
0.000000000000000000e+00 1.000000000000000000e+00
0.000000000000000000e+00 1.000000000000000000e+00
0.000000000000000000e+00 1.000000000000000000e+00
0.000000000000000000e+00 1.000000000000000000e+00
0.000000000000000000e+00 1.000000000000000000e+00
0.000000000000000000e+00 1.000000000000000000e+00
0.000000000000000000e+00 1.000000000000000000e+00
0.000000000000000000e+00 1.000000000000000000e+00
0.000000000000000000e+00 1.000000000000000000e+00
0.000000000000000000e+00 1.000000000000000000e+00
0.000000000000000000e+00 1.000000000000000000e+00
0.000000000000000000e+00 1.000000000000000000e+00
0.000000000000000000e+00 1.000000000000000000e+00
0.000000000000000000e+00 1.000000000000000000e+00
0.000000000000000000e+00 1.000000000000000000e+00
0.000000000000000000e+00 1.000000000000000000e+00
0.000000000000000000e+00 1.000000000000000000e+00
0.000000000000000000e+00 1.000000000000000000e+00
0.000000000000000000e+00 1.000000000000000000e+00
0.000000000000000000e+00 1.000000000000000000e+00
0.000000000000000000e+00 1.000000000000000000e+00
0.000000000000000000e+00 1.000000000000000000e+00
0.000000000000000000e+00 1.000000000000000000e+00
0.000000000000000000e+00 1.000000000000000000e+00
0.000000000000000000e+00 1.000000000000000000e+00
0.000000000000000000e+00 1.000000000000000000e+00
0.000000000000000000e+00 1.000000000000000000e+00
0.000000000000000000e+00 1.000000000000000000e+00
0.000000000000000000e+00 1.000000000000000000e+00
0.000000000000000000e+00 1.000000000000000000e+00
0.000000000000000000e+00 1.000000000000000000e+00
0.000000000000000000e+00 1.000000000000000000e+00
0.000000000000000000e+00 1.000000000000000000e+00
0.000000000000000000e+00 1.000000000000000000e+00
0.000000000000000000e+00 1.000000000000000000e+00
0.000000000000000000e+00 1.000000000000000000e+00
0.000000000000000000e+00 1.000000000000000000e+00
0.000000000000000000e+00 1.000000000000000000e+00
0.000000000000000000e+00 1.000000000000000000e+00
0.000000000000000000e+00 1.000000000000000000e+00
0.000000000000000000e+00 1.000000000000000000e+00
0.000000000000000000e+00 1.000000000000000000e+00
0.000000000000000000e+00 1.000000000000000000e+00
0.000000000000000000e+00 1.000000000000000000e+00
0.000000000000000000e+00 1.000000000000000000e+00
0.000000000000000000e+00 1.000000000000000000e+00
0.000000000000000000e+00 1.000000000000000000e+00
0.000000000000000000e+00 1.000000000000000000e+00
0.000000000000000000e+00 1.000000000000000000e+00
0.000000000000000000e+00 1.000000000000000000e+00
0.000000000000000000e+00 1.000000000000000000e+00
0.000000000000000000e+00 1.000000000000000000e+00
0.000000000000000000e+00 1.000000000000000000e+00
0.000000000000000000e+00 1.000000000000000000e+00
0.000000000000000000e+00 1.000000000000000000e+00
0.000000000000000000e+00 1.000000000000000000e+00
0.000000000000000000e+00 1.000000000000000000e+00
0.000000000000000000e+00 1.000000000000000000e+00
0.000000000000000000e+00 1.000000000000000000e+00
0.000000000000000000e+00 1.000000000000000000e+00
0.000000000000000000e+00 1.000000000000000000e+00
0.000000000000000000e+00 1.000000000000000000e+00
0.000000000000000000e+00 1.000000000000000000e+00
0.000000000000000000e+00 1.000000000000000000e+00
0.000000000000000000e+00 1.000000000000000000e+00
0.000000000000000000e+00 1.000000000000000000e+00
0.000000000000000000e+00 1.000000000000000000e+00
0.000000000000000000e+00 1.000000000000000000e+00
0.000000000000000000e+00 1.000000000000000000e+00
0.000000000000000000e+00 1.000000000000000000e+00
0.000000000000000000e+00 1.000000000000000000e+00
0.000000000000000000e+00 1.000000000000000000e+00
0.000000000000000000e+00 1.000000000000000000e+00
0.000000000000000000e+00 1.000000000000000000e+00
0.000000000000000000e+00 1.000000000000000000e+00
0.000000000000000000e+00 1.000000000000000000e+00
0.000000000000000000e+00 1.000000000000000000e+00
0.000000000000000000e+00 1.000000000000000000e+00
0.000000000000000000e+00 1.000000000000000000e+00
0.000000000000000000e+00 1.000000000000000000e+00
0.000000000000000000e+00 1.000000000000000000e+00
0.000000000000000000e+00 1.000000000000000000e+00
0.000000000000000000e+00 1.000000000000000000e+00
0.000000000000000000e+00 1.000000000000000000e+00
0.000000000000000000e+00 1.000000000000000000e+00
0.000000000000000000e+00 1.000000000000000000e+00
0.000000000000000000e+00 1.000000000000000000e+00
0.000000000000000000e+00 1.000000000000000000e+00
7.789169999999999705e-01 1.000000000000000000e+00
0.000000000000000000e+00 1.000000000000000000e+00
0.000000000000000000e+00 1.000000000000000000e+00
0.000000000000000000e+00 1.000000000000000000e+00
0.000000000000000000e+00 1.000000000000000000e+00
0.000000000000000000e+00 1.000000000000000000e+00
0.000000000000000000e+00 1.000000000000000000e+00
0.000000000000000000e+00 1.000000000000000000e+00
0.000000000000000000e+00 1.000000000000000000e+00
0.000000000000000000e+00 1.000000000000000000e+00
0.000000000000000000e+00 1.000000000000000000e+00
0.000000000000000000e+00 1.000000000000000000e+00
0.000000000000000000e+00 1.000000000000000000e+00
0.000000000000000000e+00 1.000000000000000000e+00
0.000000000000000000e+00 1.000000000000000000e+00
0.000000000000000000e+00 1.000000000000000000e+00
0.000000000000000000e+00 1.000000000000000000e+00
0.000000000000000000e+00 1.000000000000000000e+00
7.741019999999999568e-01 1.000000000000000000e+00
8.342119999999999536e-01 9.995490000000000208e-01
1.016229999999999967e+00 9.983389999999999764e-01
0.000000000000000000e+00 1.000000000000000000e+00
0.000000000000000000e+00 1.000000000000000000e+00
0.000000000000000000e+00 1.000000000000000000e+00
0.000000000000000000e+00 1.000000000000000000e+00
0.000000000000000000e+00 1.000000000000000000e+00
0.000000000000000000e+00 1.000000000000000000e+00
0.000000000000000000e+00 1.000000000000000000e+00
0.000000000000000000e+00 1.000000000000000000e+00
0.000000000000000000e+00 1.000000000000000000e+00
0.000000000000000000e+00 1.000000000000000000e+00
0.000000000000000000e+00 1.000000000000000000e+00
0.000000000000000000e+00 1.000000000000000000e+00
0.000000000000000000e+00 1.000000000000000000e+00
0.000000000000000000e+00 1.000000000000000000e+00
0.000000000000000000e+00 1.000000000000000000e+00
0.000000000000000000e+00 1.000000000000000000e+00
8.038549999999999862e-01 1.000000000000000000e+00
8.894499999999999629e-01 9.993410000000000348e-01
1.161802999999999919e+00 9.953020000000000200e-01
1.817662000000000111e+00 9.686770000000000103e-01
0.000000000000000000e+00 1.000000000000000000e+00
0.000000000000000000e+00 1.000000000000000000e+00
0.000000000000000000e+00 1.000000000000000000e+00
0.000000000000000000e+00 1.000000000000000000e+00
0.000000000000000000e+00 1.000000000000000000e+00
0.000000000000000000e+00 1.000000000000000000e+00
0.000000000000000000e+00 1.000000000000000000e+00
0.000000000000000000e+00 1.000000000000000000e+00
0.000000000000000000e+00 1.000000000000000000e+00
0.000000000000000000e+00 1.000000000000000000e+00
0.000000000000000000e+00 1.000000000000000000e+00
0.000000000000000000e+00 1.000000000000000000e+00
0.000000000000000000e+00 1.000000000000000000e+00
0.000000000000000000e+00 1.000000000000000000e+00
0.000000000000000000e+00 1.000000000000000000e+00
8.418039999999999967e-01 9.995060000000000056e-01
9.557989999999999542e-01 9.987219999999999986e-01
1.283212000000000019e+00 9.891309999999999825e-01
1.863499999999999934e+00 9.411150000000000349e-01
2.280790000000000095e+00 8.303249999999999797e-01
0.000000000000000000e+00 1.000000000000000000e+00
0.000000000000000000e+00 1.000000000000000000e+00
0.000000000000000000e+00 1.000000000000000000e+00
0.000000000000000000e+00 1.000000000000000000e+00
0.000000000000000000e+00 1.000000000000000000e+00
0.000000000000000000e+00 1.000000000000000000e+00
0.000000000000000000e+00 1.000000000000000000e+00
0.000000000000000000e+00 1.000000000000000000e+00
0.000000000000000000e+00 1.000000000000000000e+00
0.000000000000000000e+00 1.000000000000000000e+00
0.000000000000000000e+00 1.000000000000000000e+00
0.000000000000000000e+00 1.000000000000000000e+00
0.000000000000000000e+00 1.000000000000000000e+00
8.376149999999999984e-01 1.000000000000000000e+00
8.720630000000000326e-01 9.993969999999999798e-01
1.007962999999999942e+00 9.965199999999999614e-01
1.334036999999999917e+00 9.775110000000000188e-01
1.700981999999999994e+00 9.062489999999999712e-01
1.970509000000000066e+00 8.054820000000000313e-01
2.143720000000000070e+00 6.707520000000000149e-01
0.000000000000000000e+00 1.000000000000000000e+00
0.000000000000000000e+00 1.000000000000000000e+00
0.000000000000000000e+00 1.000000000000000000e+00
0.000000000000000000e+00 1.000000000000000000e+00
0.000000000000000000e+00 1.000000000000000000e+00
0.000000000000000000e+00 1.000000000000000000e+00
0.000000000000000000e+00 1.000000000000000000e+00
0.000000000000000000e+00 1.000000000000000000e+00
0.000000000000000000e+00 1.000000000000000000e+00
0.000000000000000000e+00 1.000000000000000000e+00
0.000000000000000000e+00 1.000000000000000000e+00
0.000000000000000000e+00 1.000000000000000000e+00
8.576329999999999787e-01 9.993990000000000373e-01
8.902010000000000201e-01 9.994159999999999711e-01
1.000335999999999892e+00 9.936460000000000292e-01
1.207748999999999961e+00 9.564019999999999744e-01
1.423780000000000046e+00 8.665760000000000129e-01
1.652800000000000047e+00 7.557930000000000481e-01
1.867958000000000007e+00 6.344109999999999472e-01
1.928946000000000049e+00 5.158700000000000507e-01
0.000000000000000000e+00 1.000000000000000000e+00
0.000000000000000000e+00 1.000000000000000000e+00
0.000000000000000000e+00 1.000000000000000000e+00
0.000000000000000000e+00 1.000000000000000000e+00
0.000000000000000000e+00 1.000000000000000000e+00
0.000000000000000000e+00 1.000000000000000000e+00
0.000000000000000000e+00 1.000000000000000000e+00
0.000000000000000000e+00 1.000000000000000000e+00
0.000000000000000000e+00 1.000000000000000000e+00
0.000000000000000000e+00 1.000000000000000000e+00
0.000000000000000000e+00 1.000000000000000000e+00
8.691729999999999734e-01 9.996589999999999643e-01
0.000000000000000000e+00 1.000000000000000000e+00
9.093890000000000029e-01 9.964779999999999749e-01
9.814220000000000166e-01 9.269749999999999934e-01
1.065884999999999971e+00 7.803839999999999666e-01
1.353906999999999972e+00 7.136329999999999618e-01
1.637369000000000074e+00 5.592009999999999481e-01
1.728223999999999982e+00 4.674760000000000026e-01
1.713867999999999947e+00 3.871249999999999969e-01
0.000000000000000000e+00 1.000000000000000000e+00
0.000000000000000000e+00 1.000000000000000000e+00
0.000000000000000000e+00 1.000000000000000000e+00
0.000000000000000000e+00 1.000000000000000000e+00
0.000000000000000000e+00 1.000000000000000000e+00
0.000000000000000000e+00 1.000000000000000000e+00
0.000000000000000000e+00 1.000000000000000000e+00
0.000000000000000000e+00 1.000000000000000000e+00
0.000000000000000000e+00 1.000000000000000000e+00
0.000000000000000000e+00 1.000000000000000000e+00
0.000000000000000000e+00 1.000000000000000000e+00
0.000000000000000000e+00 1.000000000000000000e+00
7.963069999999999871e-01 1.000010999999999983e+00
8.161850000000000493e-01 8.565199999999999481e-01
9.293609999999999927e-01 6.974679999999999769e-01
1.185111999999999943e+00 6.422889999999999988e-01
1.442892999999999981e+00 4.811139999999999861e-01
1.562723000000000084e+00 3.886890000000000067e-01
1.546043000000000056e+00 3.378749999999999809e-01
1.477368999999999932e+00 2.936010000000000009e-01
0.000000000000000000e+00 1.000000000000000000e+00
0.000000000000000000e+00 1.000000000000000000e+00
0.000000000000000000e+00 1.000000000000000000e+00
0.000000000000000000e+00 1.000000000000000000e+00
0.000000000000000000e+00 1.000000000000000000e+00
0.000000000000000000e+00 1.000000000000000000e+00
0.000000000000000000e+00 1.000000000000000000e+00
0.000000000000000000e+00 1.000000000000000000e+00
0.000000000000000000e+00 1.000000000000000000e+00
0.000000000000000000e+00 1.000000000000000000e+00
6.787020000000000275e-01 9.745340000000000114e-01
6.478789999999999827e-01 9.994950000000000223e-01
8.224150000000000071e-01 6.777670000000000083e-01
8.870200000000000307e-01 5.914650000000000185e-01
1.063252000000000086e+00 5.051740000000000119e-01
1.357469999999999954e+00 3.896540000000000004e-01
1.427105000000000068e+00 3.190709999999999935e-01
1.396257999999999999e+00 2.810309999999999753e-01
1.330381999999999953e+00 2.533369999999999789e-01
1.279118999999999895e+00 2.397440000000000127e-01
0.000000000000000000e+00 1.000000000000000000e+00
0.000000000000000000e+00 1.000000000000000000e+00
0.000000000000000000e+00 1.000000000000000000e+00
0.000000000000000000e+00 1.000000000000000000e+00
0.000000000000000000e+00 1.000000000000000000e+00
0.000000000000000000e+00 1.000000000000000000e+00
0.000000000000000000e+00 1.000000000000000000e+00
0.000000000000000000e+00 1.000000000000000000e+00
0.000000000000000000e+00 1.000000000000000000e+00
5.829919999999999547e-01 1.000086000000000030e+00
6.554410000000000514e-01 7.710869999999999669e-01
8.588019999999999543e-01 5.407239999999999824e-01
9.204590000000000272e-01 4.822879999999999945e-01
1.129687000000000108e+00 3.972669999999999813e-01
1.324024000000000090e+00 2.999780000000000224e-01
1.322772999999999977e+00 2.524319999999999897e-01
1.268772000000000011e+00 2.325649999999999940e-01
1.215891999999999973e+00 2.177260000000000029e-01
1.161129000000000078e+00 2.077720000000000122e-01
1.115434999999999954e+00 1.990310000000000135e-01
0.000000000000000000e+00 1.000000000000000000e+00
0.000000000000000000e+00 1.000000000000000000e+00
0.000000000000000000e+00 1.000000000000000000e+00
0.000000000000000000e+00 1.000000000000000000e+00
0.000000000000000000e+00 1.000000000000000000e+00
0.000000000000000000e+00 1.000000000000000000e+00
7.476669999999999705e-01 9.999919999999999920e-01
0.000000000000000000e+00 1.000000000000000000e+00
5.189479999999999649e-01 9.997740000000000515e-01
7.724440000000000195e-01 5.146819999999999729e-01
9.851100000000000412e-01 4.152000000000000135e-01
1.047152000000000083e+00 3.319540000000000268e-01
1.313968000000000025e+00 2.516869999999999941e-01
1.308273000000000019e+00 2.096760000000000013e-01
1.237095999999999973e+00 1.952160000000000006e-01
1.173297999999999952e+00 1.873779999999999890e-01
1.121423999999999976e+00 1.803639999999999965e-01
1.070465999999999918e+00 1.733000000000000096e-01
1.020192999999999905e+00 1.650580000000000103e-01
9.773830000000000018e-01 1.578100000000000058e-01
0.000000000000000000e+00 1.000000000000000000e+00
0.000000000000000000e+00 1.000000000000000000e+00
0.000000000000000000e+00 1.000000000000000000e+00
0.000000000000000000e+00 1.000000000000000000e+00
0.000000000000000000e+00 1.000000000000000000e+00
0.000000000000000000e+00 1.000000000000000000e+00
2.718599999999999905e-01 1.000040999999999958e+00
6.568990000000000107e-01 6.621519999999999628e-01
9.530119999999999703e-01 3.263929999999999887e-01
1.311086999999999891e+00 1.671860000000000013e-01
1.592645000000000088e+00 9.607400000000000662e-02
1.392200000000000104e+00 1.210100000000000064e-01
1.270318000000000058e+00 1.354450000000000098e-01
1.174709999999999921e+00 1.388189999999999980e-01
1.098052000000000028e+00 1.382529999999999870e-01
1.037193000000000032e+00 1.339229999999999865e-01
9.863579999999999570e-01 1.294440000000000035e-01
9.379440000000000000e-01 1.264260000000000106e-01
8.924609999999999488e-01 1.210510000000000058e-01
8.525160000000000515e-01 1.178389999999999993e-01
0.000000000000000000e+00 1.000000000000000000e+00
1.207700999999999913e+00 1.000000999999999918e+00
0.000000000000000000e+00 1.000000000000000000e+00
0.000000000000000000e+00 1.000000000000000000e+00
0.000000000000000000e+00 1.000000000000000000e+00
5.748389999999999889e-01 9.149779999999999580e-01
1.354114999999999958e+00 3.709700000000000220e-01
1.784583000000000030e+00 -6.999999999999999895e-06
1.574600000000000000e+00 2.242000000000000069e-03
1.447680999999999996e+00 3.180999999999999800e-02
1.297587999999999964e+00 6.109799999999999953e-02
1.193664999999999976e+00 6.897999999999999965e-02
1.107026000000000066e+00 7.778599999999999404e-02
1.026820000000000066e+00 8.348600000000000465e-02
9.612309999999999466e-01 8.315300000000000469e-02
9.093909999999999494e-01 8.261300000000000587e-02
8.651090000000000169e-01 8.147699999999999387e-02
8.221239999999999659e-01 8.021799999999999764e-02
7.820840000000000014e-01 7.925799999999999512e-02
7.454220000000000290e-01 7.653600000000000680e-02
0.000000000000000000e+00 1.000000000000000000e+00
0.000000000000000000e+00 1.000000000000000000e+00
2.252300000000000135e-01 1.000000000000000000e+00
7.701930000000000165e-01 8.082059999999999800e-01
1.884454999999999991e+00 -2.199999999999999943e-05
1.475672000000000095e+00 -1.999999999999999909e-06
1.381605999999999890e+00 4.589999999999999896e-04
1.302119999999999944e+00 3.193000000000000092e-03
1.240915999999999908e+00 3.359000000000000007e-03
1.161699000000000037e+00 8.226999999999999938e-03
1.078406999999999893e+00 1.476500000000000035e-02
1.010995000000000088e+00 2.219600000000000045e-02
9.466620000000000035e-01 2.999599999999999836e-02
8.872419999999999751e-01 3.365300000000000236e-02
8.357879999999999754e-01 3.492200000000000165e-02
7.902019999999999600e-01 3.495999999999999802e-02
7.561350000000000016e-01 3.524599999999999955e-02
7.268189999999999928e-01 3.677400000000000113e-02
6.959670000000000023e-01 3.718300000000000077e-02
6.637039999999999607e-01 3.622299999999999826e-02
0.000000000000000000e+00 1.000000000000000000e+00
0.000000000000000000e+00 1.000000000000000000e+00
1.937332999999999972e+00 -2.300000000000000002e-05
1.267058999999999935e+00 -1.999999999999999909e-06
1.187505000000000033e+00 -1.999999999999999909e-06
1.114544999999999897e+00 -1.999999999999999909e-06
1.050181999999999949e+00 -9.999999999999999547e-07
9.953340000000000520e-01 -9.999999999999999547e-07
9.458330000000000348e-01 -9.999999999999999547e-07
8.925440000000000040e-01 -9.999999999999999547e-07
8.471030000000000504e-01 -0.000000000000000000e+00
8.087239999999999984e-01 0.000000000000000000e+00
7.764550000000000063e-01 1.041999999999999958e-03
7.456190000000000317e-01 1.134000000000000025e-03
7.108600000000000474e-01 1.023999999999999954e-03
6.762470000000000425e-01 6.530000000000000431e-04
6.455779999999999852e-01 3.939999999999999817e-04
6.195159999999999556e-01 2.530000000000000239e-04
5.976169999999999538e-01 1.550000000000000000e-04
5.791199999999999681e-01 9.999999999999999547e-07
