0.000000000000000000e+00 1.000000000000000000e+00
0.000000000000000000e+00 1.000000000000000000e+00
0.000000000000000000e+00 1.000000000000000000e+00
0.000000000000000000e+00 1.000000000000000000e+00
0.000000000000000000e+00 1.000000000000000000e+00
0.000000000000000000e+00 1.000000000000000000e+00
0.000000000000000000e+00 1.000000000000000000e+00
0.000000000000000000e+00 1.000000000000000000e+00
0.000000000000000000e+00 1.000000000000000000e+00
0.000000000000000000e+00 1.000000000000000000e+00
-2.000000000000000164e-05 1.000000000000000000e+00
9.999999999999999547e-07 1.000000000000000000e+00
0.000000000000000000e+00 1.000000000000000000e+00
0.000000000000000000e+00 1.000000000000000000e+00
0.000000000000000000e+00 1.000000000000000000e+00
-2.199999999999999943e-05 1.000000000000000000e+00
9.999999999999999547e-07 1.000000000000000000e+00
1.999999999999999909e-06 1.000000000000000000e+00
2.159999999999999919e-04 9.999940000000000495e-01
0.000000000000000000e+00 1.000000000000000000e+00
-1.345957999999999988e+00 0.000000000000000000e+00
-8.075529999999999653e-01 0.000000000000000000e+00
-2.676140000000000185e-01 0.000000000000000000e+00
8.078000000000000111e-03 0.000000000000000000e+00
3.000000000000000000e+00 1.000000000000000000e+00
