0.000000000000000000e+00 1.000000000000000000e+00
0.000000000000000000e+00 1.000000000000000000e+00
0.000000000000000000e+00 1.000000000000000000e+00
0.000000000000000000e+00 1.000000000000000000e+00
0.000000000000000000e+00 1.000000000000000000e+00
0.000000000000000000e+00 1.000000000000000000e+00
0.000000000000000000e+00 1.000000000000000000e+00
0.000000000000000000e+00 9.912060000000000315e-01
0.000000000000000000e+00 9.023609999999999687e-01
0.000000000000000000e+00 6.950049999999999839e-01
0.000000000000000000e+00 1.000000000000000000e+00
0.000000000000000000e+00 1.000000000000000000e+00
0.000000000000000000e+00 1.000000000000000000e+00
0.000000000000000000e+00 1.000000000000000000e+00
0.000000000000000000e+00 1.000000000000000000e+00
0.000000000000000000e+00 1.000000000000000000e+00
0.000000000000000000e+00 9.950930000000000053e-01
0.000000000000000000e+00 9.043729999999999825e-01
0.000000000000000000e+00 6.948689999999999589e-01
0.000000000000000000e+00 5.929569999999999563e-01
0.000000000000000000e+00 1.000000000000000000e+00
0.000000000000000000e+00 1.000000000000000000e+00
0.000000000000000000e+00 1.000000000000000000e+00
0.000000000000000000e+00 1.000000000000000000e+00
0.000000000000000000e+00 1.000000000000000000e+00
0.000000000000000000e+00 9.987470000000000514e-01
0.000000000000000000e+00 9.156290000000000262e-01
0.000000000000000000e+00 6.964040000000000230e-01
0.000000000000000000e+00 5.835879999999999956e-01
0.000000000000000000e+00 4.588149999999999729e-01
0.000000000000000000e+00 1.000000000000000000e+00
0.000000000000000000e+00 1.000000000000000000e+00
0.000000000000000000e+00 1.000000000000000000e+00
0.000000000000000000e+00 1.000000000000000000e+00
0.000000000000000000e+00 1.000000000000000000e+00
1.222930000000000073e+00 9.582950000000000079e-01
2.232290000000000108e-01 6.978999999999999648e-01
4.050340000000000051e-01 5.718170000000000197e-01
0.000000000000000000e+00 4.035810000000000231e-01
0.000000000000000000e+00 2.961520000000000263e-01
0.000000000000000000e+00 1.000000000000000000e+00
0.000000000000000000e+00 1.000000000000000000e+00
0.000000000000000000e+00 1.000000000000000000e+00
0.000000000000000000e+00 1.000000000000000000e+00
5.097220000000000084e-01 9.891159999999999952e-01
1.355288999999999966e+00 7.993090000000000472e-01
3.744179999999999731e-01 5.701889999999999459e-01
8.264519999999999644e-01 2.975400000000000267e-01
0.000000000000000000e+00 2.578030000000000044e-01
0.000000000000000000e+00 1.996100000000000096e-01
0.000000000000000000e+00 1.000000000000000000e+00
0.000000000000000000e+00 1.000000000000000000e+00
0.000000000000000000e+00 1.000000000000000000e+00
6.714160000000000128e-01 9.988869999999999694e-01
6.095620000000000482e-01 8.996490000000000320e-01
7.092739999999999601e-01 5.930900000000000061e-01
9.460800000000000320e-01 2.126649999999999929e-01
4.690000000000000158e-04 1.380109999999999948e-01
0.000000000000000000e+00 1.702960000000000029e-01
0.000000000000000000e+00 1.373000000000000054e-01
0.000000000000000000e+00 1.000000000000000000e+00
0.000000000000000000e+00 1.000000000000000000e+00
0.000000000000000000e+00 1.000000000000000000e+00
2.453043000000000085e+00 9.407039999999999846e-01
8.986760000000000304e-01 6.435140000000000304e-01
9.393820000000000503e-01 1.981839999999999991e-01
7.279499999999999860e-02 1.192700000000000010e-01
0.000000000000000000e+00 1.310389999999999888e-01
0.000000000000000000e+00 1.101619999999999960e-01
3.327999999999999795e-03 9.665999999999999592e-02
0.000000000000000000e+00 1.000000000000000000e+00
0.000000000000000000e+00 1.000000000000000000e+00
1.365013000000000032e+00 9.986690000000000289e-01
2.696194999999999897e+00 7.082450000000000134e-01
2.137021999999999977e+00 6.947200000000000597e-02
5.398030000000000328e-01 9.490300000000000125e-02
6.359999999999999551e-04 1.147249999999999936e-01
1.374200000000000074e-02 8.625499999999999834e-02
2.825499999999999887e-02 7.173999999999999821e-02
4.226400000000000295e-02 5.773099999999999760e-02
0.000000000000000000e+00 1.000000000000000000e+00
0.000000000000000000e+00 1.000000000000000000e+00
2.655288999999999788e+00 9.307940000000000103e-01
3.594432999999999989e+00 1.380499999999999956e-02
1.423761999999999972e+00 0.000000000000000000e+00
1.851150000000000018e-01 6.320000000000000617e-02
2.303669999999999884e-01 4.462200000000000194e-02
4.981399999999999717e-02 5.019099999999999950e-02
5.700500000000000012e-02 4.299300000000000344e-02
6.198200000000000237e-02 3.801500000000000018e-02
0.000000000000000000e+00 1.000000000000000000e+00
0.000000000000000000e+00 1.000000000000000000e+00
5.585380999999999929e+00 0.000000000000000000e+00
4.020126999999999562e+00 0.000000000000000000e+00
8.667479999999999629e-01 0.000000000000000000e+00
5.072330000000000449e-01 2.203999999999999796e-03
3.855569999999999831e-01 1.546000000000000065e-03
3.184000000000000163e-01 6.350000000000000392e-04
2.630899999999999905e-01 1.766999999999999908e-03
2.500760000000000205e-01 0.000000000000000000e+00
