0.000000000000000000e+00 1.000000000000000000e+00
0.000000000000000000e+00 1.000000000000000000e+00
0.000000000000000000e+00 1.000000000000000000e+00
0.000000000000000000e+00 1.000000000000000000e+00
0.000000000000000000e+00 1.000000000000000000e+00
0.000000000000000000e+00 1.000000000000000000e+00
0.000000000000000000e+00 1.000000000000000000e+00
0.000000000000000000e+00 1.000000000000000000e+00
0.000000000000000000e+00 1.000000000000000000e+00
0.000000000000000000e+00 1.000000000000000000e+00
0.000000000000000000e+00 1.000000000000000000e+00
0.000000000000000000e+00 1.000000000000000000e+00
0.000000000000000000e+00 1.000000000000000000e+00
0.000000000000000000e+00 1.000000000000000000e+00
0.000000000000000000e+00 1.000000000000000000e+00
0.000000000000000000e+00 1.000000000000000000e+00
0.000000000000000000e+00 1.000000000000000000e+00
0.000000000000000000e+00 1.000000000000000000e+00
0.000000000000000000e+00 1.000000000000000000e+00
0.000000000000000000e+00 1.000000000000000000e+00
0.000000000000000000e+00 1.000000000000000000e+00
0.000000000000000000e+00 1.000000000000000000e+00
0.000000000000000000e+00 1.000000000000000000e+00
0.000000000000000000e+00 1.000000000000000000e+00
0.000000000000000000e+00 1.000000000000000000e+00
0.000000000000000000e+00 1.000000000000000000e+00
0.000000000000000000e+00 1.000000000000000000e+00
0.000000000000000000e+00 1.000000000000000000e+00
0.000000000000000000e+00 1.000000000000000000e+00
0.000000000000000000e+00 1.000000000000000000e+00
0.000000000000000000e+00 1.000000000000000000e+00
0.000000000000000000e+00 1.000000000000000000e+00
0.000000000000000000e+00 1.000000000000000000e+00
0.000000000000000000e+00 1.000000000000000000e+00
0.000000000000000000e+00 1.000000000000000000e+00
0.000000000000000000e+00 1.000000000000000000e+00
0.000000000000000000e+00 1.000000000000000000e+00
0.000000000000000000e+00 1.000000000000000000e+00
0.000000000000000000e+00 1.000000000000000000e+00
0.000000000000000000e+00 1.000000000000000000e+00
0.000000000000000000e+00 1.000000000000000000e+00
0.000000000000000000e+00 1.000000000000000000e+00
7.688920000000000199e-01 9.999989999999999712e-01
1.086133000000000015e+00 1.000000000000000000e+00
0.000000000000000000e+00 1.000000000000000000e+00
0.000000000000000000e+00 1.000000000000000000e+00
0.000000000000000000e+00 1.000000000000000000e+00
0.000000000000000000e+00 1.000000000000000000e+00
0.000000000000000000e+00 1.000000000000000000e+00
0.000000000000000000e+00 1.000000000000000000e+00
0.000000000000000000e+00 1.000000000000000000e+00
0.000000000000000000e+00 1.000000000000000000e+00
8.412950000000000150e-01 1.000000000000000000e+00
1.506655999999999995e+00 9.917770000000000197e-01
3.837261999999999951e+00 8.732980000000000187e-01
0.000000000000000000e+00 1.000000000000000000e+00
0.000000000000000000e+00 1.000000000000000000e+00
0.000000000000000000e+00 1.000000000000000000e+00
0.000000000000000000e+00 1.000000000000000000e+00
0.000000000000000000e+00 1.000000000000000000e+00
0.000000000000000000e+00 1.000000000000000000e+00
8.437210000000000543e-01 1.000000000000000000e+00
9.087150000000000505e-01 9.999970000000000248e-01
1.486938000000000093e+00 9.841459999999999653e-01
1.376519000000000048e+00 9.019300000000000095e-01
2.842753000000000085e+00 5.750600000000000156e-01
0.000000000000000000e+00 1.000000000000000000e+00
0.000000000000000000e+00 1.000000000000000000e+00
0.000000000000000000e+00 1.000000000000000000e+00
0.000000000000000000e+00 1.000000000000000000e+00
0.000000000000000000e+00 1.000000000000000000e+00
8.791639999999999455e-01 1.000000000000000000e+00
8.080190000000000428e-01 1.000005999999999950e+00
7.823170000000000401e-01 8.852010000000000156e-01
8.199530000000000429e-01 7.741200000000000303e-01
1.514115000000000100e+00 4.302429999999999866e-01
1.490423000000000053e+00 2.917629999999999946e-01
0.000000000000000000e+00 1.000000000000000000e+00
0.000000000000000000e+00 1.000000000000000000e+00
1.133424999999999905e+00 1.000000000000000000e+00
0.000000000000000000e+00 1.000000000000000000e+00
0.000000000000000000e+00 1.000000000000000000e+00
0.000000000000000000e+00 1.000000000000000000e+00
7.828330000000000011e-01 7.251919999999999478e-01
1.284948999999999897e+00 3.705499999999999905e-01
1.340724999999999945e+00 2.842450000000000254e-01
1.292863000000000095e+00 2.406010000000000093e-01
1.220603000000000105e+00 2.226470000000000116e-01
0.000000000000000000e+00 1.000000000000000000e+00
0.000000000000000000e+00 1.000000000000000000e+00
0.000000000000000000e+00 1.000000000000000000e+00
0.000000000000000000e+00 1.000000000000000000e+00
6.286490000000000133e-01 1.000088000000000088e+00
1.683670000000000000e+00 8.444300000000000417e-02
1.773317000000000032e+00 5.831599999999999978e-02
1.381448000000000009e+00 1.665359999999999896e-01
1.205357999999999929e+00 1.726499999999999979e-01
1.081445999999999907e+00 1.657909999999999939e-01
1.011841999999999908e+00 1.611970000000000069e-01
0.000000000000000000e+00 1.000000000000000000e+00
0.000000000000000000e+00 1.000000000000000000e+00
3.678420000000000023e-01 1.000018000000000074e+00
1.788883000000000001e+00 -1.000000000000000082e-05
1.629069000000000100e+00 6.355999999999999671e-03
1.432087000000000110e+00 4.181399999999999700e-02
1.258194000000000035e+00 7.529800000000000382e-02
1.152315999999999896e+00 8.133899999999999464e-02
9.675899999999999501e-01 8.943199999999999761e-02
8.354150000000000187e-01 9.392899999999999860e-02
7.780780000000000474e-01 9.341399999999999704e-02
0.000000000000000000e+00 1.000000000000000000e+00
1.556181000000000036e+00 -1.099999999999999971e-05
1.419788000000000050e+00 -3.999999999999999819e-06
1.221467999999999998e+00 -3.999999999999999819e-06
1.071927999999999992e+00 -0.000000000000000000e+00
1.012042000000000108e+00 5.119999999999999768e-04
9.338800000000000434e-01 1.510000000000000112e-04
8.405660000000000354e-01 6.200000000000000270e-05
7.277700000000000280e-01 3.350000000000000113e-04
6.272039999999999837e-01 1.050000000000000044e-04
5.791199999999999681e-01 9.999999999999999547e-07
