1.000000000000000000e+01
1.000000000000000000e+01
1.000000000000000000e+01
1.000000000000000000e+01
1.000000000000000000e+01
1.000000000000000000e+01
1.000000000000000000e+01
1.000000000000000000e+01
1.000000000000000000e+01
1.000000000000000000e+01
1.000000000000000000e+01
1.000000000000000000e+01
1.000000000000000000e+01
1.000000000000000000e+01
1.000000000000000000e+01
1.000000000000000000e+01
1.000000000000000000e+01
1.000000000000000000e+01
1.000000000000000000e+01
1.000000000000000000e+01
1.000000000000000000e+01
1.000000000000000000e+01
1.000000000000000000e+01
1.000000000000000000e+01
1.000000000000000000e+01
1.000000000000000000e+01
1.000000000000000000e+01
1.000000000000000000e+01
1.000000000000000000e+01
1.000000000000000000e+01
1.000000000000000000e+01
8.610651000000000721e+00
4.521363000000000021e+00
2.781509999999999927e+00
2.554028999999999883e+00
2.282179999999999875e+00
1.995322000000000040e+00
1.756758999999999959e+00
1.585050000000000070e+00
1.440787000000000040e+00
1.317312000000000038e+00
1.202250000000000041e+00
1.095664999999999889e+00
9.977740000000000498e-01
9.041299999999999892e-01
8.191720000000000113e-01
7.520630000000000370e-01
6.897290000000000365e-01
6.137529999999999930e-01
5.790119999999999711e-01
