8.182960000000000234e-01 1.000000000000000000e+00
8.868059999999999832e-01 1.000000000000000000e+00
1.067928999999999906e+00 1.000000000000000000e+00
1.260103999999999891e+00 1.000000000000000000e+00
1.509228000000000014e+00 1.000000000000000000e+00
1.775598000000000010e+00 1.000000000000000000e+00
2.071709999999999940e+00 1.000000000000000000e+00
2.383198000000000150e+00 1.000000000000000000e+00
2.722018999999999966e+00 1.000000000000000000e+00
3.000000000000000000e+00 1.000000000000000000e+00
8.182960000000000234e-01 1.000000000000000000e+00
8.868059999999999832e-01 1.000000000000000000e+00
1.067928999999999906e+00 1.000000000000000000e+00
1.260103999999999891e+00 1.000000000000000000e+00
1.509228000000000014e+00 1.000000000000000000e+00
1.775597000000000092e+00 1.000000000000000000e+00
2.071709999999999940e+00 1.000000000000000000e+00
2.383198000000000150e+00 1.000000000000000000e+00
2.722021999999999942e+00 1.000000000000000000e+00
3.000000000000000000e+00 1.000000000000000000e+00
8.182960000000000234e-01 1.000000000000000000e+00
8.868070000000000119e-01 1.000000000000000000e+00
1.067928999999999906e+00 1.000000000000000000e+00
1.260102999999999973e+00 1.000000000000000000e+00
1.509228000000000014e+00 1.000000000000000000e+00
1.775597000000000092e+00 1.000000000000000000e+00
2.071709999999999940e+00 1.000000000000000000e+00
2.383198000000000150e+00 1.000000000000000000e+00
2.722018999999999966e+00 1.000000000000000000e+00
3.000000000000000000e+00 1.000000000000000000e+00
3.943090000000000206e-01 4.215419999999999723e-01
8.374700000000000477e-01 9.382089999999999597e-01
1.067924000000000095e+00 1.000000000000000000e+00
1.260102999999999973e+00 1.000000000000000000e+00
1.509228000000000014e+00 1.000000000000000000e+00
1.775598000000000010e+00 1.000000000000000000e+00
2.071709999999999940e+00 1.000000000000000000e+00
2.383198000000000150e+00 1.000000000000000000e+00
2.722015999999999991e+00 1.000000000000000000e+00
3.000000000000000000e+00 1.000000000000000000e+00
1.518300000000000032e-02 7.637999999999999824e-03
3.992839999999999723e-01 3.140800000000000258e-01
8.375500000000000167e-01 7.470940000000000358e-01
1.260118999999999989e+00 1.000000000000000000e+00
1.509219000000000088e+00 1.000000000000000000e+00
1.775595999999999952e+00 1.000000000000000000e+00
2.071709999999999940e+00 1.000000000000000000e+00
2.383199999999999985e+00 1.000000000000000000e+00
2.722013000000000016e+00 1.000000000000000000e+00
3.000000000000000000e+00 1.000000000000000000e+00
2.278000000000000077e-03 2.148999999999999869e-03
2.841799999999999882e-02 1.217099999999999953e-02
5.370709999999999651e-01 2.548730000000000162e-01
9.346210000000000351e-01 5.080519999999999481e-01
1.369636000000000076e+00 8.407540000000000013e-01
1.775590999999999919e+00 1.000000000000000000e+00
2.071703999999999990e+00 1.000000000000000000e+00
2.383198000000000150e+00 1.000000000000000000e+00
2.722017000000000131e+00 1.000000000000000000e+00
3.000000000000000000e+00 1.000000000000000000e+00
1.679999999999999907e-04 1.430000000000000064e-04
6.793999999999999692e-03 1.690000000000000096e-03
2.239190000000000069e-01 1.166400000000000076e-02
7.155730000000000146e-01 2.077529999999999932e-01
1.104946999999999901e+00 3.775640000000000107e-01
1.528030999999999917e+00 6.259970000000000256e-01
2.001860999999999891e+00 9.069209999999999772e-01
2.383249999999999869e+00 9.999689999999999968e-01
2.721789999999999932e+00 9.999400000000000510e-01
3.000000000000000000e+00 1.000000000000000000e+00
0.000000000000000000e+00 5.000000000000000240e-05
4.044999999999999984e-03 8.750000000000000182e-04
2.056270000000000042e-01 2.520999999999999804e-03
4.901849999999999818e-01 9.620999999999999344e-03
9.105640000000000400e-01 1.513150000000000051e-01
1.295090000000000074e+00 2.966980000000000173e-01
1.711174999999999891e+00 5.040620000000000100e-01
2.263831999999999844e+00 8.289269999999999694e-01
2.720444000000000084e+00 9.993009999999999948e-01
3.000000000000000000e+00 1.000000000000000000e+00
0.000000000000000000e+00 0.000000000000000000e+00
1.781999999999999947e-03 1.689999999999999879e-04
2.039310000000000012e-01 1.696000000000000025e-03
4.842929999999999735e-01 4.638999999999999894e-03
7.686309999999999532e-01 6.564000000000000390e-03
1.109896999999999911e+00 9.633700000000000596e-02
1.490464000000000011e+00 2.304660000000000042e-01
1.900906999999999902e+00 4.213180000000000258e-01
2.495737000000000094e+00 8.289069999999999494e-01
3.000000000000000000e+00 1.000000000000000000e+00
0.000000000000000000e+00 0.000000000000000000e+00
1.701000000000000038e-03 0.000000000000000000e+00
2.016809999999999992e-01 0.000000000000000000e+00
4.804649999999999754e-01 0.000000000000000000e+00
7.712339999999999751e-01 0.000000000000000000e+00
1.080090999999999912e+00 0.000000000000000000e+00
1.376031000000000004e+00 6.729999999999999871e-04
1.677839999999999998e+00 0.000000000000000000e+00
1.986534999999999940e+00 1.175000000000000046e-03
3.000000000000000000e+00 1.000000000000000000e+00
