5.000000000000000000e+00
5.000000000000000000e+00
5.000000000000000000e+00
5.000000000000000000e+00
5.000000000000000000e+00
5.000000000000000000e+00
5.000000000000000000e+00
5.000000000000000000e+00
5.000000000000000000e+00
5.000000000000000000e+00
5.000000000000000000e+00
5.000000000000000000e+00
5.000000000000000000e+00
5.000000000000000000e+00
5.000000000000000000e+00
5.000000000000000000e+00
5.000000000000000000e+00
5.000000000000000000e+00
5.000000000000000000e+00
5.000000000000000000e+00
5.000000000000000000e+00
5.000000000000000000e+00
5.000000000000000000e+00
5.000000000000000000e+00
5.000000000000000000e+00
5.000000000000000000e+00
5.000000000000000000e+00
5.000000000000000000e+00
5.000000000000000000e+00
5.000000000000000000e+00
5.000000000000000000e+00
5.000000000000000000e+00
5.000000000000000000e+00
5.000000000000000000e+00
5.000000000000000000e+00
5.000000000000000000e+00
5.000000000000000000e+00
5.000000000000000000e+00
5.000000000000000000e+00
5.000000000000000000e+00
5.000000000000000000e+00
5.000000000000000000e+00
5.000000000000000000e+00
5.000000000000000000e+00
5.000000000000000000e+00
5.000000000000000000e+00
5.000000000000000000e+00
5.000000000000000000e+00
5.000000000000000000e+00
5.000000000000000000e+00
5.000000000000000000e+00
5.000000000000000000e+00
5.000000000000000000e+00
5.000000000000000000e+00
5.000000000000000000e+00
5.000000000000000000e+00
5.000000000000000000e+00
5.000000000000000000e+00
5.000000000000000000e+00
5.000000000000000000e+00
5.000000000000000000e+00
5.000000000000000000e+00
5.000000000000000000e+00
5.000000000000000000e+00
5.000000000000000000e+00
5.000000000000000000e+00
5.000000000000000000e+00
5.000000000000000000e+00
5.000000000000000000e+00
5.000000000000000000e+00
5.000000000000000000e+00
5.000000000000000000e+00
5.000000000000000000e+00
5.000000000000000000e+00
5.000000000000000000e+00
5.000000000000000000e+00
5.000000000000000000e+00
5.000000000000000000e+00
5.000000000000000000e+00
5.000000000000000000e+00
5.000000000000000000e+00
5.000000000000000000e+00
5.000000000000000000e+00
5.000000000000000000e+00
5.000000000000000000e+00
5.000000000000000000e+00
5.000000000000000000e+00
5.000000000000000000e+00
5.000000000000000000e+00
5.000000000000000000e+00
5.000000000000000000e+00
5.000000000000000000e+00
5.000000000000000000e+00
5.000000000000000000e+00
5.000000000000000000e+00
5.000000000000000000e+00
5.000000000000000000e+00
5.000000000000000000e+00
5.000000000000000000e+00
5.000000000000000000e+00
5.000000000000000000e+00
5.000000000000000000e+00
5.000000000000000000e+00
5.000000000000000000e+00
5.000000000000000000e+00
5.000000000000000000e+00
5.000000000000000000e+00
5.000000000000000000e+00
5.000000000000000000e+00
5.000000000000000000e+00
5.000000000000000000e+00
5.000000000000000000e+00
5.000000000000000000e+00
5.000000000000000000e+00
5.000000000000000000e+00
5.000000000000000000e+00
5.000000000000000000e+00
5.000000000000000000e+00
5.000000000000000000e+00
5.000000000000000000e+00
5.000000000000000000e+00
5.000000000000000000e+00
5.000000000000000000e+00
5.000000000000000000e+00
5.000000000000000000e+00
5.000000000000000000e+00
5.000000000000000000e+00
5.000000000000000000e+00
5.000000000000000000e+00
5.000000000000000000e+00
5.000000000000000000e+00
5.000000000000000000e+00
5.000000000000000000e+00
5.000000000000000000e+00
5.000000000000000000e+00
5.000000000000000000e+00
5.000000000000000000e+00
5.000000000000000000e+00
5.000000000000000000e+00
5.000000000000000000e+00
5.000000000000000000e+00
5.000000000000000000e+00
5.000000000000000000e+00
5.000000000000000000e+00
5.000000000000000000e+00
5.000000000000000000e+00
5.000000000000000000e+00
5.000000000000000000e+00
5.000000000000000000e+00
5.000000000000000000e+00
5.000000000000000000e+00
5.000000000000000000e+00
5.000000000000000000e+00
5.000000000000000000e+00
5.000000000000000000e+00
5.000000000000000000e+00
5.000000000000000000e+00
5.000000000000000000e+00
5.000000000000000000e+00
5.000000000000000000e+00
5.000000000000000000e+00
5.000000000000000000e+00
5.000000000000000000e+00
5.000000000000000000e+00
5.000000000000000000e+00
5.000000000000000000e+00
5.000000000000000000e+00
5.000000000000000000e+00
5.000000000000000000e+00
5.000000000000000000e+00
5.000000000000000000e+00
5.000000000000000000e+00
5.000000000000000000e+00
5.000000000000000000e+00
5.000000000000000000e+00
5.000000000000000000e+00
5.000000000000000000e+00
5.000000000000000000e+00
4.954124000000000194e+00
4.803377000000000230e+00
5.000000000000000000e+00
5.000000000000000000e+00
5.000000000000000000e+00
5.000000000000000000e+00
5.000000000000000000e+00
5.000000000000000000e+00
5.000000000000000000e+00
5.000000000000000000e+00
5.000000000000000000e+00
5.000000000000000000e+00
5.000000000000000000e+00
5.000000000000000000e+00
5.000000000000000000e+00
5.000000000000000000e+00
5.000000000000000000e+00
5.000000000000000000e+00
4.975857000000000419e+00
4.812663999999999831e+00
4.552497999999999934e+00
4.249909999999999854e+00
5.000000000000000000e+00
5.000000000000000000e+00
5.000000000000000000e+00
5.000000000000000000e+00
5.000000000000000000e+00
5.000000000000000000e+00
5.000000000000000000e+00
5.000000000000000000e+00
5.000000000000000000e+00
5.000000000000000000e+00
5.000000000000000000e+00
5.000000000000000000e+00
5.000000000000000000e+00
5.000000000000000000e+00
4.983435000000000059e+00
4.827148000000000216e+00
4.581343999999999639e+00
4.274071000000000176e+00
3.887058999999999820e+00
3.583848000000000145e+00
5.000000000000000000e+00
5.000000000000000000e+00
5.000000000000000000e+00
5.000000000000000000e+00
5.000000000000000000e+00
5.000000000000000000e+00
5.000000000000000000e+00
5.000000000000000000e+00
5.000000000000000000e+00
5.000000000000000000e+00
5.000000000000000000e+00
5.000000000000000000e+00
4.979540000000000077e+00
4.855507000000000239e+00
4.618276999999999965e+00
4.337533999999999779e+00
3.870389999999999997e+00
3.535848000000000102e+00
3.208914000000000044e+00
2.974197999999999897e+00
5.000000000000000000e+00
5.000000000000000000e+00
5.000000000000000000e+00
5.000000000000000000e+00
5.000000000000000000e+00
5.000000000000000000e+00
5.000000000000000000e+00
5.000000000000000000e+00
5.000000000000000000e+00
5.000000000000000000e+00
5.000000000000000000e+00
4.969411000000000023e+00
4.621323000000000292e+00
4.386544999999999916e+00
3.920952999999999911e+00
3.502838000000000118e+00
3.144804999999999851e+00
2.874121999999999844e+00
2.679603000000000179e+00
2.521060999999999996e+00
5.000000000000000000e+00
5.000000000000000000e+00
5.000000000000000000e+00
5.000000000000000000e+00
5.000000000000000000e+00
5.000000000000000000e+00
5.000000000000000000e+00
5.000000000000000000e+00
5.000000000000000000e+00
4.979195999999999955e+00
4.982135000000000424e+00
3.922921999999999798e+00
4.141420000000000101e+00
3.472265999999999853e+00
3.061580000000000190e+00
2.777171000000000056e+00
2.574723000000000095e+00
2.383357999999999866e+00
2.213448000000000082e+00
2.082568999999999892e+00
5.000000000000000000e+00
5.000000000000000000e+00
5.000000000000000000e+00
5.000000000000000000e+00
5.000000000000000000e+00
5.000000000000000000e+00
5.000000000000000000e+00
4.978988000000000191e+00
4.481659999999999755e+00
4.702390000000000292e+00
4.624513999999999569e+00
3.787256999999999874e+00
2.974184000000000161e+00
2.647374000000000116e+00
2.435553000000000079e+00
2.203269000000000144e+00
2.060675999999999952e+00
1.915834999999999955e+00
1.807933000000000012e+00
1.712852000000000041e+00
5.000000000000000000e+00
5.000000000000000000e+00
5.000000000000000000e+00
5.000000000000000000e+00
5.000000000000000000e+00
4.958254000000000161e+00
4.991515999999999842e+00
4.512593999999999994e+00
4.414498000000000033e+00
3.648505999999999805e+00
2.691695999999999867e+00
2.402946000000000026e+00
2.155675000000000008e+00
1.960650999999999922e+00
1.831874999999999920e+00
1.735505999999999993e+00
1.641393000000000102e+00
1.555050999999999961e+00
1.497765000000000013e+00
1.439939999999999998e+00
5.000000000000000000e+00
5.000000000000000000e+00
5.000000000000000000e+00
5.005678999999999768e+00
4.543625999999999721e+00
3.490623999999999949e+00
2.622793000000000152e+00
2.375884999999999803e+00
2.561513999999999847e+00
2.227033000000000040e+00
1.759732000000000074e+00
1.711317999999999895e+00
1.619809000000000054e+00
1.538202000000000069e+00
1.472174000000000094e+00
1.414916999999999980e+00
1.355253999999999959e+00
1.294346999999999914e+00
1.244531999999999972e+00
1.197576999999999892e+00
5.000000000000000000e+00
5.000000000000000000e+00
4.963777999999999579e+00
3.765822000000000003e+00
2.417136000000000173e+00
2.274467000000000017e+00
2.320921999999999930e+00
1.968847999999999931e+00
1.690728999999999926e+00
1.419688000000000061e+00
1.440593999999999930e+00
1.384462000000000081e+00
1.314556000000000058e+00
1.249878999999999962e+00
1.195494999999999974e+00
1.151791000000000009e+00
1.099326000000000025e+00
1.054942999999999964e+00
1.016267999999999949e+00
9.828909999999999592e-01
4.932233000000000089e+00
4.387299999999999756e+00
3.606146999999999991e+00
2.672344999999999970e+00
2.112525999999999904e+00
1.693483000000000072e+00
1.348939000000000110e+00
1.252016999999999936e+00
1.257868999999999904e+00
1.191372000000000098e+00
1.144852999999999899e+00
1.082705999999999946e+00
1.033616000000000090e+00
9.920710000000000361e-01
9.629050000000000109e-01
9.209410000000000096e-01
8.723990000000000355e-01
8.347459999999999880e-01
8.051340000000000163e-01
7.818310000000000537e-01
1.747716999999999965e+00
1.819741000000000053e+00
1.384260000000000046e+00
1.170388999999999902e+00
1.241794000000000064e+00
1.165564999999999962e+00
1.083209000000000088e+00
1.013481999999999994e+00
9.768310000000000048e-01
9.362120000000000442e-01
8.699999999999999956e-01
8.224209999999999576e-01
7.964740000000000153e-01
7.761900000000000466e-01
7.477120000000000433e-01
7.196719999999999784e-01
6.754250000000000531e-01
6.320550000000000335e-01
6.004429999999999490e-01
5.791349999999999554e-01
