0.000000000000000000e+00
1.000000000000000000e+00
2.190000000000000000e+02
2.360000000000000000e+02
2.370000000000000000e+02
2.720000000000000000e+02
2.730000000000000000e+02
2.890000000000000000e+02
3.070000000000000000e+02
3.110000000000000000e+02
3.300000000000000000e+02
3.470000000000000000e+02
3.480000000000000000e+02
3.540000000000000000e+02
3.600000000000000000e+02
3.620000000000000000e+02
3.640000000000000000e+02
3.740000000000000000e+02
3.750000000000000000e+02
3.760000000000000000e+02
3.770000000000000000e+02
3.780000000000000000e+02
3.790000000000000000e+02
3.880000000000000000e+02
3.890000000000000000e+02
3.900000000000000000e+02
3.910000000000000000e+02
3.920000000000000000e+02
3.930000000000000000e+02
3.940000000000000000e+02
3.950000000000000000e+02
3.960000000000000000e+02
3.970000000000000000e+02
3.980000000000000000e+02
3.990000000000000000e+02
