5.996603999999999601e+00
5.987955000000000361e+00
5.618712999999999624e+00
4.993585999999999636e+00
4.410867999999999789e+00
3.865972000000000186e+00
3.360691999999999791e+00
2.901028999999999858e+00
2.493272000000000155e+00
2.140042999999999918e+00
1.838943999999999912e+00
1.584005000000000107e+00
1.367939000000000016e+00
1.183747000000000105e+00
1.029209999999999958e+00
8.841599999999999460e-01
7.672539999999999916e-01
6.605809999999999738e-01
5.653000000000000247e-01
4.793890000000000096e-01
