0.000000000000000000e+00 1.000006825340479244e+00 0.000000000000000000e+00 0.000000000000000000e+00 0.000000000000000000e+00 0.000000000000000000e+00 0.000000000000000000e+00 0.000000000000000000e+00 0.000000000000000000e+00 0.000000000000000000e+00 0.000000000000000000e+00 0.000000000000000000e+00 0.000000000000000000e+00 0.000000000000000000e+00 0.000000000000000000e+00 0.000000000000000000e+00 0.000000000000000000e+00 0.000000000000000000e+00 0.000000000000000000e+00 0.000000000000000000e+00
0.000000000000000000e+00 0.000000000000000000e+00 1.659313996625373822e+00 3.406952378488080635e-01 0.000000000000000000e+00 0.000000000000000000e+00 0.000000000000000000e+00 0.000000000000000000e+00 0.000000000000000000e+00 0.000000000000000000e+00 0.000000000000000000e+00 0.000000000000000000e+00 0.000000000000000000e+00 0.000000000000000000e+00 0.000000000000000000e+00 0.000000000000000000e+00 0.000000000000000000e+00 0.000000000000000000e+00 0.000000000000000000e+00 0.000000000000000000e+00
0.000000000000000000e+00 0.000000000000000000e+00 0.000000000000000000e+00 1.242092962462985728e+00 8.116742936036903666e-01 3.926612098158067110e-01 1.731995376241577955e-01 3.968497495544141829e-02 0.000000000000000000e+00 0.000000000000000000e+00 0.000000000000000000e+00 0.000000000000000000e+00 0.000000000000000000e+00 0.000000000000000000e+00 0.000000000000000000e+00 0.000000000000000000e+00 0.000000000000000000e+00 0.000000000000000000e+00 0.000000000000000000e+00 0.000000000000000000e+00
0.000000000000000000e+00 0.000000000000000000e+00 0.000000000000000000e+00 0.000000000000000000e+00 5.623340774025591404e-01 4.909832005931875631e-01 4.001361078698323914e-01 3.266045540201110708e-01 2.427692732800548203e-01 1.731716619412332070e-01 1.258278116733049790e-01 9.173474358439553944e-02 6.625951906471634623e-02 4.652355631404962027e-02 3.083144704964327007e-02 1.807361160729881178e-02 7.532351614203485445e-03 5.118522657188603447e-06 0.000000000000000000e+00 7.624236597001901034e-07
0.000000000000000000e+00 0.000000000000000000e+00 0.000000000000000000e+00 0.000000000000000000e+00 0.000000000000000000e+00 2.762134842369919907e-01 3.139429000584436635e-01 3.003767497398723840e-01 2.545841196114373983e-01 2.079766556653937226e-01 1.738756388192526647e-01 1.480585484076774871e-01 1.280626330125518297e-01 1.121361811224033250e-01 9.919325462281285144e-02 8.848186351113382364e-02 7.950173376241156942e-02 7.155810425553713050e-02 6.343827304699181657e-02 5.660767521845735256e-02
0.000000000000000000e+00 0.000000000000000000e+00 0.000000000000000000e+00 0.000000000000000000e+00 0.000000000000000000e+00 0.000000000000000000e+00 1.662679178845512251e-01 2.126495938326035950e-01 2.048904333743924444e-01 1.812678088041985436e-01 1.604064249620066884e-01 1.428632522454494624e-01 1.283452835761880184e-01 1.162273939430907149e-01 1.060329755239859950e-01 9.736752636234610736e-02 8.994813542616168778e-02 8.324537054284089632e-02 7.620166385768246953e-02 7.021781613322936044e-02
0.000000000000000000e+00 0.000000000000000000e+00 0.000000000000000000e+00 0.000000000000000000e+00 0.000000000000000000e+00 0.000000000000000000e+00 0.000000000000000000e+00 1.063119528947658043e-01 1.365770946484174964e-01 1.359340085350491667e-01 1.283090612270967046e-01 1.190377486304585591e-01 1.099963657903555575e-01 1.016860908123193019e-01 9.423950647621885668e-02 8.761949738086569073e-02 8.176045421035660343e-02 7.629825601129398838e-02 7.033044696185562772e-02 6.519315728098777629e-02
0.000000000000000000e+00 0.000000000000000000e+00 0.000000000000000000e+00 0.000000000000000000e+00 0.000000000000000000e+00 0.000000000000000000e+00 0.000000000000000000e+00 0.000000000000000000e+00 6.828028995921754662e-02 9.061144846698097888e-02 9.621974516357119367e-02 9.521823751436007954e-02 9.165208110600382707e-02 8.714847418061957840e-02 8.244905061577072203e-02 7.787398019902758151e-02 7.357489413179252313e-02 6.935296495408686812e-02 6.446082684877288416e-02 6.016990332414753201e-02
0.000000000000000000e+00 0.000000000000000000e+00 0.000000000000000000e+00 0.000000000000000000e+00 0.000000000000000000e+00 0.000000000000000000e+00 0.000000000000000000e+00 0.000000000000000000e+00 0.000000000000000000e+00 4.530011636026603367e-02 6.413846846349494091e-02 7.140471298738657047e-02 7.331242510956519076e-02 7.261454063244165980e-02 7.066160521166275910e-02 6.813097258113755272e-02 6.539145333848175867e-02 6.240949579532157482e-02 5.859280213806621063e-02 5.514805305538917485e-02
0.000000000000000000e+00 0.000000000000000000e+00 0.000000000000000000e+00 0.000000000000000000e+00 0.000000000000000000e+00 0.000000000000000000e+00 0.000000000000000000e+00 0.000000000000000000e+00 1.064471407848728572e-07 0.000000000000000000e+00 3.206522283574993887e-02 4.759716915158924977e-02 5.497739339702840955e-02 5.808428675983418749e-02 5.887716753941362596e-02 5.839047229705371378e-02 5.721012998354817192e-02 5.546784696364137623e-02 5.272637145319227642e-02 5.012760527027389224e-02
0.000000000000000000e+00 0.000000000000000000e+00 0.000000000000000000e+00 0.000000000000000000e+00 0.000000000000000000e+00 0.000000000000000000e+00 0.000000000000000000e+00 0.000000000000000000e+00 2.128942881079892226e-07 1.272676145584686757e-07 0.000000000000000000e+00 2.379560011545034728e-02 3.664698156757673769e-02 4.355770915649189584e-02 4.709573487502088929e-02 4.865247711643323758e-02 4.903092221920084953e-02 4.852801688651496581e-02 4.686153341680913270e-02 4.510855876431676265e-02
0.000000000000000000e+00 0.000000000000000000e+00 0.000000000000000000e+00 0.000000000000000000e+00 0.000000000000000000e+00 0.000000000000000000e+00 0.000000000000000000e+00 0.000000000000000000e+00 3.193414424052320391e-07 2.545352387063611951e-07 1.078238420586959513e-07 0.000000000000000000e+00 1.832118523074745264e-02 2.903480442444726639e-02 3.531730450157194445e-02 3.891698481527111619e-02 4.085382820333243598e-02 4.159000399665009617e-02 4.099828665591727372e-02 4.009091233613491789e-02
0.000000000000000000e+00 0.000000000000000000e+00 0.000000000000000000e+00 0.000000000000000000e+00 0.000000000000000000e+00 0.000000000000000000e+00 0.000000000000000000e+00 0.000000000000000000e+00 4.257886036766012538e-07 3.818028728795604218e-07 2.156476906556354372e-07 9.725955216772061158e-08 0.000000000000000000e+00 1.451556916822661393e-02 2.354187370355627362e-02 2.918399317004940000e-02 3.267884609388228140e-02 3.465380672624709252e-02 3.513662979739459735e-02 3.507466478488269201e-02
0.000000000000000000e+00 0.000000000000000000e+00 0.000000000000000000e+00 0.000000000000000000e+00 0.000000000000000000e+00 0.000000000000000000e+00 0.000000000000000000e+00 0.000000000000000000e+00 5.322357719220969196e-07 5.090705170780663824e-07 3.234715466625842377e-07 1.945191108736847314e-07 1.380865306769625487e-07 0.000000000000000000e+00 1.176943977209205308e-02 1.945349996307507018e-02 2.450597405388896949e-02 2.771942351241759445e-02 2.927656147189637570e-02 3.005981491239059084e-02
0.000000000000000000e+00 0.000000000000000000e+00 0.000000000000000000e+00 0.000000000000000000e+00 0.000000000000000000e+00 0.000000000000000000e+00 0.000000000000000000e+00 0.000000000000000000e+00 6.386829471417189836e-07 6.363381708659962396e-07 4.312954096436594629e-07 2.917786752461265927e-07 2.761730735586463339e-07 1.080854302079175805e-07 0.000000000000000000e+00 9.725502977682867409e-03 1.633521024683833728e-02 2.078685279204755057e-02 2.341808031045553712e-02 2.504636152126435769e-02
0.000000000000000000e+00 0.000000000000000000e+00 0.000000000000000000e+00 0.000000000000000000e+00 0.000000000000000000e+00 0.000000000000000000e+00 0.000000000000000000e+00 0.000000000000000000e+00 7.451301293354674987e-07 7.636058346792327247e-07 5.391192795988610862e-07 3.890382452850461558e-07 4.142596277732855757e-07 2.161708673899615855e-07 1.256191219884651324e-07 0.000000000000000000e+00 8.166552838413007956e-03 1.385609300409391259e-02 1.756118494569651467e-02 2.003430341548610369e-02
0.000000000000000000e+00 0.000000000000000000e+00 0.000000000000000000e+00 0.000000000000000000e+00 0.000000000000000000e+00 0.000000000000000000e+00 0.000000000000000000e+00 0.000000000000000000e+00 8.515773180674595219e-07 8.908735089536588865e-07 6.469431569640721035e-07 4.862978209904433943e-07 5.523461937567631110e-07 3.242563115461319888e-07 2.512382531304712186e-07 1.078358780932556617e-07 0.000000000000000000e+00 6.927142592582420481e-03 1.170587401440890962e-02 1.502363940226747983e-02
0.000000000000000000e+00 0.000000000000000000e+00 0.000000000000000000e+00 0.000000000000000000e+00 0.000000000000000000e+00 0.000000000000000000e+00 0.000000000000000000e+00 0.000000000000000000e+00 9.580245137735778904e-07 1.018141192381626002e-06 7.547670417392924090e-07 5.835574023623184140e-07 6.904327710731961030e-07 4.323417626764288696e-07 3.768573938619010957e-07 2.156717627247548582e-07 8.485657525384318488e-08 0.000000000000000000e+00 5.852146152441814290e-03 1.001436828851062777e-02
0.000000000000000000e+00 0.000000000000000000e+00 0.000000000000000000e+00 0.000000000000000000e+00 0.000000000000000000e+00 0.000000000000000000e+00 0.000000000000000000e+00 0.000000000000000000e+00 1.064471716889705653e-06 1.145408886270782794e-06 8.625909330527562227e-07 6.808169898365541049e-07 8.285193605943504373e-07 5.404272216526179286e-07 5.024765446186377066e-07 3.235076552021462459e-07 1.697131548665153752e-07 9.915098407288707306e-08 0.000000000000000000e+00 5.006488884362021025e-03
0.000000000000000000e+00 0.000000000000000000e+00 0.000000000000000000e+00 0.000000000000000000e+00 0.000000000000000000e+00 0.000000000000000000e+00 0.000000000000000000e+00 0.000000000000000000e+00 1.170918926544076924e-06 1.272676589749363483e-06 9.704148313403464875e-07 7.780765829772674182e-07 9.666059614484600164e-07 6.485126871670505486e-07 6.280957049647982142e-07 4.313435542177811948e-07 2.545697392738994743e-07 1.983019738122518744e-07 1.318625229837410812e-07 0.000000000000000000e+00
