0.000000000000000000e+00 1.000000000000000000e+00
0.000000000000000000e+00 1.000000000000000000e+00
0.000000000000000000e+00 1.000000000000000000e+00
0.000000000000000000e+00 1.000000000000000000e+00
0.000000000000000000e+00 1.000000000000000000e+00
0.000000000000000000e+00 1.000000000000000000e+00
0.000000000000000000e+00 1.000000000000000000e+00
0.000000000000000000e+00 1.000000000000000000e+00
0.000000000000000000e+00 1.000000000000000000e+00
0.000000000000000000e+00 1.000000000000000000e+00
0.000000000000000000e+00 1.000000000000000000e+00
0.000000000000000000e+00 1.000000000000000000e+00
0.000000000000000000e+00 1.000000000000000000e+00
0.000000000000000000e+00 1.000000000000000000e+00
0.000000000000000000e+00 1.000000000000000000e+00
0.000000000000000000e+00 1.000000000000000000e+00
0.000000000000000000e+00 1.000000000000000000e+00
0.000000000000000000e+00 1.000000000000000000e+00
0.000000000000000000e+00 1.000000000000000000e+00
0.000000000000000000e+00 1.000000000000000000e+00
0.000000000000000000e+00 1.000000000000000000e+00
0.000000000000000000e+00 1.000000000000000000e+00
0.000000000000000000e+00 1.000000000000000000e+00
0.000000000000000000e+00 1.000000000000000000e+00
0.000000000000000000e+00 1.000000000000000000e+00
0.000000000000000000e+00 1.000000000000000000e+00
0.000000000000000000e+00 1.000000000000000000e+00
0.000000000000000000e+00 1.000000000000000000e+00
0.000000000000000000e+00 1.000000000000000000e+00
0.000000000000000000e+00 1.000000000000000000e+00
0.000000000000000000e+00 1.000000000000000000e+00
0.000000000000000000e+00 1.000000000000000000e+00
0.000000000000000000e+00 1.000000000000000000e+00
0.000000000000000000e+00 1.000000000000000000e+00
0.000000000000000000e+00 1.000000000000000000e+00
0.000000000000000000e+00 1.000000000000000000e+00
0.000000000000000000e+00 1.000000000000000000e+00
0.000000000000000000e+00 1.000000000000000000e+00
0.000000000000000000e+00 1.000000000000000000e+00
0.000000000000000000e+00 1.000000000000000000e+00
0.000000000000000000e+00 1.000000000000000000e+00
0.000000000000000000e+00 1.000000000000000000e+00
0.000000000000000000e+00 1.000000000000000000e+00
0.000000000000000000e+00 1.000000000000000000e+00
0.000000000000000000e+00 1.000000000000000000e+00
0.000000000000000000e+00 1.000000000000000000e+00
0.000000000000000000e+00 1.000000000000000000e+00
0.000000000000000000e+00 1.000000000000000000e+00
0.000000000000000000e+00 1.000000000000000000e+00
0.000000000000000000e+00 1.000000000000000000e+00
0.000000000000000000e+00 1.000000000000000000e+00
0.000000000000000000e+00 1.000000000000000000e+00
0.000000000000000000e+00 1.000000000000000000e+00
0.000000000000000000e+00 1.000000000000000000e+00
0.000000000000000000e+00 1.000000000000000000e+00
0.000000000000000000e+00 1.000000000000000000e+00
0.000000000000000000e+00 1.000000000000000000e+00
0.000000000000000000e+00 1.000000000000000000e+00
0.000000000000000000e+00 1.000000000000000000e+00
0.000000000000000000e+00 1.000000000000000000e+00
0.000000000000000000e+00 1.000000000000000000e+00
0.000000000000000000e+00 1.000000000000000000e+00
0.000000000000000000e+00 1.000000000000000000e+00
0.000000000000000000e+00 1.000000000000000000e+00
0.000000000000000000e+00 1.000000000000000000e+00
0.000000000000000000e+00 1.000000000000000000e+00
0.000000000000000000e+00 1.000000000000000000e+00
0.000000000000000000e+00 1.000000000000000000e+00
0.000000000000000000e+00 1.000000000000000000e+00
0.000000000000000000e+00 1.000000000000000000e+00
0.000000000000000000e+00 1.000000000000000000e+00
0.000000000000000000e+00 1.000000000000000000e+00
0.000000000000000000e+00 1.000000000000000000e+00
0.000000000000000000e+00 1.000000000000000000e+00
0.000000000000000000e+00 1.000000000000000000e+00
0.000000000000000000e+00 1.000000000000000000e+00
0.000000000000000000e+00 1.000000000000000000e+00
0.000000000000000000e+00 1.000000000000000000e+00
0.000000000000000000e+00 1.000000000000000000e+00
0.000000000000000000e+00 1.000000000000000000e+00
0.000000000000000000e+00 1.000000000000000000e+00
0.000000000000000000e+00 1.000000000000000000e+00
0.000000000000000000e+00 1.000000000000000000e+00
0.000000000000000000e+00 1.000000000000000000e+00
0.000000000000000000e+00 1.000000000000000000e+00
0.000000000000000000e+00 1.000000000000000000e+00
0.000000000000000000e+00 1.000000000000000000e+00
0.000000000000000000e+00 1.000000000000000000e+00
0.000000000000000000e+00 1.000000000000000000e+00
0.000000000000000000e+00 1.000000000000000000e+00
0.000000000000000000e+00 1.000000000000000000e+00
0.000000000000000000e+00 1.000000000000000000e+00
0.000000000000000000e+00 1.000000000000000000e+00
0.000000000000000000e+00 1.000000000000000000e+00
0.000000000000000000e+00 1.000000000000000000e+00
0.000000000000000000e+00 1.000000000000000000e+00
0.000000000000000000e+00 1.000000000000000000e+00
0.000000000000000000e+00 1.000000000000000000e+00
0.000000000000000000e+00 1.000000000000000000e+00
0.000000000000000000e+00 1.000000000000000000e+00
0.000000000000000000e+00 1.000000000000000000e+00
0.000000000000000000e+00 1.000000000000000000e+00
0.000000000000000000e+00 1.000000000000000000e+00
0.000000000000000000e+00 1.000000000000000000e+00
0.000000000000000000e+00 1.000000000000000000e+00
0.000000000000000000e+00 1.000000000000000000e+00
0.000000000000000000e+00 1.000000000000000000e+00
0.000000000000000000e+00 1.000000000000000000e+00
0.000000000000000000e+00 1.000000000000000000e+00
0.000000000000000000e+00 1.000000000000000000e+00
0.000000000000000000e+00 1.000000000000000000e+00
0.000000000000000000e+00 1.000000000000000000e+00
0.000000000000000000e+00 1.000000000000000000e+00
0.000000000000000000e+00 1.000000000000000000e+00
0.000000000000000000e+00 1.000000000000000000e+00
0.000000000000000000e+00 1.000000000000000000e+00
0.000000000000000000e+00 1.000000000000000000e+00
0.000000000000000000e+00 1.000000000000000000e+00
0.000000000000000000e+00 1.000000000000000000e+00
7.791820000000000412e-01 9.992370000000000418e-01
0.000000000000000000e+00 1.000000000000000000e+00
0.000000000000000000e+00 1.000000000000000000e+00
0.000000000000000000e+00 1.000000000000000000e+00
0.000000000000000000e+00 1.000000000000000000e+00
0.000000000000000000e+00 1.000000000000000000e+00
0.000000000000000000e+00 1.000000000000000000e+00
0.000000000000000000e+00 1.000000000000000000e+00
0.000000000000000000e+00 1.000000000000000000e+00
0.000000000000000000e+00 1.000000000000000000e+00
0.000000000000000000e+00 1.000000000000000000e+00
0.000000000000000000e+00 1.000000000000000000e+00
0.000000000000000000e+00 1.000000000000000000e+00
0.000000000000000000e+00 1.000000000000000000e+00
0.000000000000000000e+00 1.000000000000000000e+00
0.000000000000000000e+00 1.000000000000000000e+00
0.000000000000000000e+00 1.000000000000000000e+00
0.000000000000000000e+00 1.000000000000000000e+00
7.733889999999999931e-01 9.993959999999999511e-01
8.365320000000000533e-01 9.990010000000000279e-01
1.065090000000000092e+00 9.957310000000000327e-01
0.000000000000000000e+00 1.000000000000000000e+00
0.000000000000000000e+00 1.000000000000000000e+00
0.000000000000000000e+00 1.000000000000000000e+00
0.000000000000000000e+00 1.000000000000000000e+00
0.000000000000000000e+00 1.000000000000000000e+00
0.000000000000000000e+00 1.000000000000000000e+00
0.000000000000000000e+00 1.000000000000000000e+00
0.000000000000000000e+00 1.000000000000000000e+00
0.000000000000000000e+00 1.000000000000000000e+00
0.000000000000000000e+00 1.000000000000000000e+00
0.000000000000000000e+00 1.000000000000000000e+00
0.000000000000000000e+00 1.000000000000000000e+00
0.000000000000000000e+00 1.000000000000000000e+00
0.000000000000000000e+00 1.000000000000000000e+00
0.000000000000000000e+00 1.000000000000000000e+00
0.000000000000000000e+00 1.000000000000000000e+00
8.034459999999999935e-01 9.991480000000000361e-01
9.030129999999999546e-01 9.987589999999999524e-01
1.242183000000000037e+00 9.926239999999999508e-01
2.210024000000000211e+00 9.627909999999999524e-01
0.000000000000000000e+00 1.000000000000000000e+00
0.000000000000000000e+00 1.000000000000000000e+00
0.000000000000000000e+00 1.000000000000000000e+00
0.000000000000000000e+00 1.000000000000000000e+00
0.000000000000000000e+00 1.000000000000000000e+00
0.000000000000000000e+00 1.000000000000000000e+00
0.000000000000000000e+00 1.000000000000000000e+00
0.000000000000000000e+00 1.000000000000000000e+00
0.000000000000000000e+00 1.000000000000000000e+00
0.000000000000000000e+00 1.000000000000000000e+00
0.000000000000000000e+00 1.000000000000000000e+00
0.000000000000000000e+00 1.000000000000000000e+00
0.000000000000000000e+00 1.000000000000000000e+00
0.000000000000000000e+00 1.000000000000000000e+00
0.000000000000000000e+00 1.000000000000000000e+00
8.429520000000000346e-01 9.988120000000000331e-01
9.857650000000000023e-01 9.951689999999999703e-01
1.428749999999999964e+00 9.859999999999999876e-01
2.256545000000000023e+00 9.303559999999999608e-01
2.666615999999999875e+00 8.379400000000000182e-01
0.000000000000000000e+00 1.000000000000000000e+00
0.000000000000000000e+00 1.000000000000000000e+00
0.000000000000000000e+00 1.000000000000000000e+00
0.000000000000000000e+00 1.000000000000000000e+00
0.000000000000000000e+00 1.000000000000000000e+00
0.000000000000000000e+00 1.000000000000000000e+00
0.000000000000000000e+00 1.000000000000000000e+00
0.000000000000000000e+00 1.000000000000000000e+00
0.000000000000000000e+00 1.000000000000000000e+00
0.000000000000000000e+00 1.000000000000000000e+00
0.000000000000000000e+00 1.000000000000000000e+00
0.000000000000000000e+00 1.000000000000000000e+00
0.000000000000000000e+00 1.000000000000000000e+00
8.362770000000000481e-01 9.991729999999999778e-01
8.787500000000000311e-01 9.983959999999999502e-01
1.046394000000000046e+00 9.921189999999999731e-01
1.496563000000000088e+00 9.729259999999999575e-01
1.889701999999999993e+00 9.145060000000000411e-01
2.219444999999999890e+00 7.994959999999999845e-01
2.383154999999999912e+00 6.684639999999999471e-01
0.000000000000000000e+00 1.000000000000000000e+00
0.000000000000000000e+00 1.000000000000000000e+00
0.000000000000000000e+00 1.000000000000000000e+00
0.000000000000000000e+00 1.000000000000000000e+00
0.000000000000000000e+00 1.000000000000000000e+00
0.000000000000000000e+00 1.000000000000000000e+00
0.000000000000000000e+00 1.000000000000000000e+00
0.000000000000000000e+00 1.000000000000000000e+00
0.000000000000000000e+00 1.000000000000000000e+00
0.000000000000000000e+00 1.000000000000000000e+00
0.000000000000000000e+00 1.000000000000000000e+00
0.000000000000000000e+00 1.000000000000000000e+00
8.566380000000000106e-01 9.987169999999999659e-01
9.010110000000000063e-01 9.937169999999999614e-01
1.047215000000000007e+00 9.885000000000000453e-01
1.301188000000000011e+00 9.500539999999999541e-01
1.488806000000000074e+00 8.958310000000000439e-01
1.742960999999999983e+00 7.699070000000000080e-01
1.995929000000000064e+00 6.312560000000000393e-01
2.058492999999999906e+00 5.067049999999999610e-01
0.000000000000000000e+00 1.000000000000000000e+00
0.000000000000000000e+00 1.000000000000000000e+00
0.000000000000000000e+00 1.000000000000000000e+00
0.000000000000000000e+00 1.000000000000000000e+00
0.000000000000000000e+00 1.000000000000000000e+00
0.000000000000000000e+00 1.000000000000000000e+00
0.000000000000000000e+00 1.000000000000000000e+00
0.000000000000000000e+00 1.000000000000000000e+00
0.000000000000000000e+00 1.000000000000000000e+00
0.000000000000000000e+00 1.000000000000000000e+00
0.000000000000000000e+00 1.000000000000000000e+00
8.681969999999999965e-01 9.973149999999999515e-01
0.000000000000000000e+00 1.000000000000000000e+00
9.161160000000000414e-01 9.542119999999999491e-01
9.632249999999999979e-01 9.068939999999999779e-01
1.011568000000000023e+00 8.753840000000000510e-01
1.341839999999999922e+00 7.212760000000000282e-01
1.706342000000000025e+00 5.734240000000000448e-01
1.787417000000000034e+00 4.565420000000000034e-01
1.776426000000000061e+00 3.823380000000000112e-01
0.000000000000000000e+00 1.000000000000000000e+00
0.000000000000000000e+00 1.000000000000000000e+00
0.000000000000000000e+00 1.000000000000000000e+00
0.000000000000000000e+00 1.000000000000000000e+00
0.000000000000000000e+00 1.000000000000000000e+00
0.000000000000000000e+00 1.000000000000000000e+00
0.000000000000000000e+00 1.000000000000000000e+00
0.000000000000000000e+00 1.000000000000000000e+00
0.000000000000000000e+00 1.000000000000000000e+00
0.000000000000000000e+00 1.000000000000000000e+00
0.000000000000000000e+00 1.000000000000000000e+00
0.000000000000000000e+00 1.000000000000000000e+00
7.778399999999999759e-01 9.008930000000000549e-01
8.040429999999999522e-01 8.563370000000000148e-01
8.744370000000000198e-01 8.386649999999999938e-01
1.115774999999999961e+00 6.628169999999999895e-01
1.444870000000000099e+00 5.187869999999999981e-01
1.609369000000000050e+00 3.894859999999999989e-01
1.582862999999999909e+00 3.305649999999999977e-01
1.531528000000000000e+00 2.981590000000000074e-01
0.000000000000000000e+00 1.000000000000000000e+00
0.000000000000000000e+00 1.000000000000000000e+00
0.000000000000000000e+00 1.000000000000000000e+00
0.000000000000000000e+00 1.000000000000000000e+00
0.000000000000000000e+00 1.000000000000000000e+00
0.000000000000000000e+00 1.000000000000000000e+00
0.000000000000000000e+00 1.000000000000000000e+00
0.000000000000000000e+00 1.000000000000000000e+00
0.000000000000000000e+00 1.000000000000000000e+00
0.000000000000000000e+00 1.000000000000000000e+00
6.356289999999999996e-01 9.997110000000000163e-01
6.570939999999999559e-01 8.509470000000000089e-01
7.624549999999999939e-01 7.024970000000000381e-01
9.013400000000000301e-01 6.759279999999999733e-01
1.043063000000000073e+00 6.029149999999999787e-01
1.351126000000000049e+00 4.272259999999999946e-01
1.460161999999999960e+00 3.157340000000000146e-01
1.427734000000000059e+00 2.742950000000000110e-01
1.371316999999999897e+00 2.522929999999999895e-01
1.315909999999999913e+00 2.338189999999999991e-01
0.000000000000000000e+00 1.000000000000000000e+00
0.000000000000000000e+00 1.000000000000000000e+00
0.000000000000000000e+00 1.000000000000000000e+00
0.000000000000000000e+00 1.000000000000000000e+00
0.000000000000000000e+00 1.000000000000000000e+00
0.000000000000000000e+00 1.000000000000000000e+00
0.000000000000000000e+00 1.000000000000000000e+00
0.000000000000000000e+00 1.000000000000000000e+00
0.000000000000000000e+00 1.000000000000000000e+00
5.275440000000000129e-01 8.796990000000000087e-01
6.405349999999999655e-01 7.016580000000000039e-01
8.668000000000000149e-01 7.674239999999999950e-01
9.453279999999999461e-01 6.829790000000000028e-01
1.059601999999999933e+00 4.225260000000000127e-01
1.337477000000000027e+00 3.077329999999999788e-01
1.351585999999999954e+00 2.354489999999999916e-01
1.301241000000000092e+00 2.221650000000000014e-01
1.246229999999999949e+00 2.112960000000000116e-01
1.193081999999999976e+00 2.024829999999999963e-01
1.143122999999999889e+00 1.947029999999999872e-01
0.000000000000000000e+00 1.000000000000000000e+00
0.000000000000000000e+00 1.000000000000000000e+00
0.000000000000000000e+00 1.000000000000000000e+00
0.000000000000000000e+00 1.000000000000000000e+00
0.000000000000000000e+00 1.000000000000000000e+00
0.000000000000000000e+00 1.000000000000000000e+00
7.202229999999999466e-01 9.999360000000000470e-01
0.000000000000000000e+00 1.000000000000000000e+00
4.122919999999999918e-01 8.026050000000000129e-01
7.840319999999999512e-01 6.086319999999999508e-01
9.798099999999999588e-01 5.820689999999999475e-01
1.090942999999999996e+00 4.232929999999999748e-01
1.347277000000000058e+00 1.821879999999999888e-01
1.358681000000000028e+00 1.713439999999999963e-01
1.276966999999999963e+00 1.795029999999999959e-01
1.205203000000000024e+00 1.783579999999999888e-01
1.145040999999999976e+00 1.733139999999999958e-01
1.093358000000000052e+00 1.680379999999999929e-01
1.045034999999999936e+00 1.619790000000000119e-01
9.984269999999999534e-01 1.566960000000000020e-01
0.000000000000000000e+00 1.000000000000000000e+00
0.000000000000000000e+00 1.000000000000000000e+00
0.000000000000000000e+00 1.000000000000000000e+00
0.000000000000000000e+00 1.000000000000000000e+00
0.000000000000000000e+00 1.000000000000000000e+00
0.000000000000000000e+00 1.000000000000000000e+00
1.598880000000000023e-01 7.576559999999999961e-01
6.805740000000000123e-01 4.861389999999999878e-01
9.627710000000000434e-01 2.907859999999999889e-01
1.548073999999999950e+00 4.640400000000000080e-02
1.815649000000000068e+00 -5.000000000000000409e-06
1.530880000000000019e+00 5.958000000000000101e-02
1.343352000000000102e+00 1.123239999999999933e-01
1.230178999999999911e+00 1.247889999999999971e-01
1.139685999999999977e+00 1.299069999999999947e-01
1.064848000000000017e+00 1.307349999999999901e-01
1.005749999999999922e+00 1.278340000000000032e-01
9.583519999999999817e-01 1.260409999999999864e-01
9.113909999999999512e-01 1.232759999999999967e-01
8.692969999999999864e-01 1.195829999999999949e-01
0.000000000000000000e+00 1.000000000000000000e+00
1.202491999999999894e+00 1.000003999999999893e+00
0.000000000000000000e+00 1.000000000000000000e+00
0.000000000000000000e+00 1.000000000000000000e+00
0.000000000000000000e+00 1.000000000000000000e+00
5.068439999999999612e-01 6.087139999999999773e-01
1.866066999999999920e+00 4.040540000000000243e-01
1.672257000000000104e+00 -3.999999999999999819e-06
1.577085000000000070e+00 -0.000000000000000000e+00
1.483981999999999912e+00 2.120700000000000016e-02
1.377135999999999916e+00 3.863300000000000067e-02
1.251503000000000032e+00 5.797299999999999676e-02
1.151477000000000084e+00 6.971199999999999619e-02
1.067765999999999993e+00 7.972999999999999532e-02
9.892349999999999755e-01 8.339000000000000579e-02
9.270460000000000367e-01 8.428199999999999581e-02
8.731170000000000320e-01 8.164200000000000623e-02
8.346379999999999910e-01 8.210000000000000631e-02
7.961350000000000371e-01 8.191600000000000270e-02
7.577439999999999731e-01 8.008800000000000641e-02
0.000000000000000000e+00 1.000000000000000000e+00
0.000000000000000000e+00 1.000000000000000000e+00
4.900700000000000195e-02 9.999599999999999600e-01
5.365020000000000344e-01 9.915129999999999777e-01
1.791700000000000070e+00 -1.000000000000000082e-05
1.482785999999999937e+00 -3.000000000000000076e-06
1.405702000000000007e+00 -9.999999999999999547e-07
1.335530000000000106e+00 4.192999999999999679e-03
1.252812000000000037e+00 7.042999999999999781e-03
1.191078999999999999e+00 6.677999999999999908e-03
1.106877000000000111e+00 1.568400000000000002e-02
1.027409999999999934e+00 2.325199999999999836e-02
9.680860000000000021e-01 2.860000000000000042e-02
9.121099999999999763e-01 3.405600000000000294e-02
8.555160000000000542e-01 3.582400000000000168e-02
8.020639999999999992e-01 3.767899999999999722e-02
7.594009999999999927e-01 3.806299999999999961e-02
7.286909999999999776e-01 3.873200000000000254e-02
7.038560000000000372e-01 3.990599999999999703e-02
6.766259999999999497e-01 4.004400000000000320e-02
0.000000000000000000e+00 1.000000000000000000e+00
0.000000000000000000e+00 1.000000000000000000e+00
1.633982000000000046e+00 -1.099999999999999971e-05
1.308391000000000082e+00 -3.000000000000000076e-06
1.206614000000000075e+00 -1.999999999999999909e-06
1.130713000000000079e+00 -1.999999999999999909e-06
1.063185999999999964e+00 -1.999999999999999909e-06
1.004132000000000025e+00 -1.999999999999999909e-06
9.538349999999999884e-01 -1.999999999999999909e-06
9.050709999999999589e-01 -9.999999999999999547e-07
8.579449999999999577e-01 -9.999999999999999547e-07
8.195970000000000200e-01 -0.000000000000000000e+00
7.845990000000000464e-01 6.030000000000000204e-04
7.565659999999999608e-01 6.059999999999999849e-04
7.229039999999999910e-01 7.240000000000000342e-04
6.856299999999999617e-01 5.649999999999999641e-04
6.510899999999999466e-01 3.390000000000000001e-04
6.218580000000000219e-01 1.720000000000000066e-04
5.983079999999999510e-01 8.899999999999999491e-05
5.791199999999999681e-01 9.999999999999999547e-07
