1.000000000000000000e+00
1.000000000000000000e+00
1.000000000000000000e+00
1.000000000000000000e+00
1.000000000000000000e+00
1.000000000000000000e+00
1.000000000000000000e+00
9.995159999999999600e-01
8.784070000000000489e-01
7.481959999999999722e-01
1.000000000000000000e+00
1.000000000000000000e+00
1.000000000000000000e+00
1.000000000000000000e+00
1.000000000000000000e+00
1.000000000000000000e+00
1.000000000000000000e+00
8.818350000000000355e-01
7.476070000000000215e-01
6.027630000000000488e-01
1.000000000000000000e+00
1.000000000000000000e+00
1.000000000000000000e+00
1.000000000000000000e+00
1.000000000000000000e+00
1.000000000000000000e+00
9.562850000000000517e-01
7.465910000000000046e-01
5.963249999999999940e-01
4.451080000000000036e-01
1.000000000000000000e+00
1.000000000000000000e+00
1.000000000000000000e+00
1.000000000000000000e+00
1.000000000000000000e+00
9.877620000000000289e-01
7.735250000000000181e-01
5.882039999999999491e-01
4.378449999999999842e-01
3.287749999999999839e-01
1.000000000000000000e+00
1.000000000000000000e+00
1.000000000000000000e+00
1.000000000000000000e+00
9.977949999999999875e-01
8.670250000000000457e-01
5.592160000000000464e-01
4.021609999999999907e-01
2.902730000000000032e-01
1.893080000000000040e-01
1.000000000000000000e+00
1.000000000000000000e+00
1.000000000000000000e+00
1.000000000000000000e+00
8.798559999999999715e-01
6.754409999999999581e-01
1.417410000000000059e-01
2.396399999999999919e-01
1.550050000000000039e-01
1.300939999999999874e-01
1.000000000000000000e+00
1.000000000000000000e+00
1.000000000000000000e+00
9.965920000000000334e-01
7.363800000000000345e-01
1.872910000000000130e-01
1.349990000000000079e-01
1.302149999999999974e-01
1.081540000000000001e-01
9.856900000000000384e-02
1.000000000000000000e+00
1.000000000000000000e+00
1.000000000000000000e+00
8.666540000000000354e-01
1.601360000000000006e-01
1.009580000000000061e-01
1.039159999999999945e-01
9.365600000000000314e-02
8.256499999999999950e-02
7.074999999999999345e-02
1.000000000000000000e+00
1.000000000000000000e+00
9.975709999999999855e-01
0.000000000000000000e+00
8.549400000000000055e-02
8.007200000000000428e-02
8.116099999999999703e-02
6.519800000000000595e-02
5.454900000000000027e-02
4.894600000000000339e-02
1.000000000000000000e+00
1.000000000000000000e+00
8.738709999999999534e-01
0.000000000000000000e+00
6.607000000000000373e-02
6.710099999999999398e-02
5.386699999999999822e-02
4.779300000000000215e-02
4.299499999999999850e-02
3.903399999999999925e-02
